3.020       233
3.040       242
3.060       246
3.080       231
3.100       243
3.120       231
3.140       236
3.160       243
3.180       244
3.200       242
3.220       243
3.240       248
3.260       250
3.280       251
3.300       253
3.320       254
3.340       250
3.360       256
3.380       248
3.400       256
3.420       263
3.440       258
3.460       269
3.480       262
3.500       259
3.520       271
3.540       276
3.560       248
3.580       270
3.600       261
3.620       271
3.640       270
3.660       276
3.680       273
3.700       273
3.720       287
3.740       278
3.760       277
3.780       282
3.800       293
3.820       282
3.840       290
3.860       290
3.880       294
3.900       296
3.920       290
3.940       299
3.960       290
3.980       301
4.000       290
4.020       301
4.040       294
4.060       298
4.080       302
4.100       315
4.120       300
4.140       301
4.160       296
4.180       305
4.200       307
4.220       311
4.240       312
4.260       321
4.280       315
4.300       306
4.320       302
4.340       311
4.360       319
4.380       303
4.400       313
4.420       314
4.440       306
4.460       328
4.480       306
4.500       307
4.520       319
4.540       320
4.560       316
4.580       320
4.600       298
4.620       314
4.640       313
4.660       309
4.680       313
4.700       309
4.720       308
4.740       301
4.760       300
4.780       304
4.800       309
4.820       308
4.840       308
4.860       310
4.880       301
4.900       305
4.920       314
4.940       309
4.960       293
4.980       312
5.000       300
5.020       288
5.040       291
5.060       282
5.080       288
5.100       282
5.120       289
5.140       278
5.160       289
5.180       270
5.200       278
5.220       276
5.240       276
5.260       271
5.280       277
5.300       266
5.320       276
5.340       264
5.360       260
5.380       263
5.400       255
5.420       272
5.440       256
5.460       258
5.480       253
5.500       260
5.520       248
5.540       237
5.560       242
5.580       237
5.600       232
5.620       231
5.640       238
5.660       239
5.680       228
5.700       236
5.720       224
5.740       218
5.760       232
5.780       225
5.800       214
5.820       209
5.840       211
5.860       215
5.880       210
5.900       205
5.920       206
5.940       202
5.960       201
5.980       204
6.000       202
6.020       207
6.040       197
6.060       189
6.080       190
6.100       187
6.120       193
6.140       185
6.160       188
6.180       186
6.200       177
6.220       178
6.240       178
6.260       173
6.280       175
6.300       174
6.320       175
6.340       165
6.360       177
6.380       173
6.400       169
6.420       164
6.440       162
6.460       163
6.480       159
6.500       154
6.520       159
6.540       155
6.560       148
6.580       154
6.600       154
6.620       147
6.640       144
6.660       145
6.680       152
6.700       147
6.720       136
6.740       150
6.760       142
6.780       140
6.800       141
6.820       138
6.840       132
6.860       129
6.880       134
6.900       134
6.920       125
6.940       127
6.960       135
6.980       128
7.000       124
7.020       130
7.040       123
7.060       119
7.080       125
7.100       112
7.120       120
7.140       115
7.160       118
7.180       112
7.200       112
7.220       112
7.240       107
7.260       112
7.280       111
7.300       107
7.320       103
7.340       100
7.360       107
7.380       103
7.400       104
7.420       107
7.440       102
7.460        99
7.480        98
7.500       100
7.520       102
7.540        97
7.560        95
7.580        98
7.600        96
7.620        98
7.640        97
7.660        93
7.680        93
7.700        84
7.720        94
7.740        88
7.760        91
7.780        87
7.800        87
7.820        86
7.840        81
7.860        83
7.880        85
7.900        82
7.920        78
7.940        83
7.960        83
7.980        84
8.000        87
8.020        76
8.040        82
8.060        76
8.080        82
8.100        76
8.120        75
8.140        76
8.160        72
8.180        77
8.200        72
8.220        74
8.240        76
8.260        75
8.280        78
8.300        74
8.320        71
8.340        69
8.360        69
8.380        70
8.400        69
8.420        67
8.440        68
8.460        69
8.480        66
8.500        71
8.520        67
8.540        66
8.560        63
8.580        67
8.600        72
8.620        67
8.640        70
8.660        69
8.680        64
8.700        63
8.720        63
8.740        63
8.760        60
8.780        62
8.800        63
8.820        57
8.840        60
8.860        61
8.880        63
8.900        59
8.920        57
8.940        52
8.960        59
8.980        58
9.000        60
9.020        59
9.040        63
9.060        64
9.080        55
9.100        58
9.120        53
9.140        56
9.160        57
9.180        59
9.200        53
9.220        55
9.240        56
9.260        52
9.280        55
9.300        56
9.320        57
9.340        54
9.360        56
9.380        54
9.400        55
9.420        55
9.440        57
9.460        56
9.480        54
9.500        57
9.520        54
9.540        56
9.560        56
9.580        53
9.600        56
9.620        52
9.640        52
9.660        53
9.680        52
9.700        53
9.720        49
9.740        56
9.760        52
9.780        51
9.800        53
9.820        51
9.840        56
9.860        54
9.880        52
9.900        53
9.920        55
9.940        53
9.960        54
9.980        51
10.000        51
10.020        53
10.040        56
10.060        50
10.080        52
10.100        51
10.120        51
10.140        50
10.160        52
10.180        50
10.200        54
10.220        51
10.240        51
10.260        51
10.280        53
10.300        47
10.320        52
10.340        51
10.360        50
10.380        50
10.400        54
10.420        52
10.440        50
10.460        50
10.480        48
10.500        52
10.520        53
10.540        49
10.560        54
10.580        48
10.600        50
10.620        48
10.640        50
10.660        52
10.680        54
10.700        50
10.720        50
10.740        49
10.760        46
10.780        50
10.800        47
10.820        57
10.840        46
10.860        53
10.880        50
10.900        52
10.920        52
10.940        52
10.960        49
10.980        52
11.000        47
11.020        51
11.040        51
11.060        48
11.080        47
11.100        48
11.120        49
11.140        48
11.160        51
11.180        50
11.200        45
11.220        50
11.240        49
11.260        55
11.280        52
11.300        56
11.320        55
11.340        55
11.360        54
11.380        54
11.400        56
11.420        50
11.440        48
11.460        53
11.480        54
11.500        51
11.520        50
11.540        53
11.560        51
11.580        48
11.600        50
11.620        51
11.640        51
11.660        46
11.680        51
11.700        50
11.720        50
11.740        48
11.760        51
11.780        51
11.800        51
11.820        51
11.840        54
11.860        52
11.880        50
11.900        51
11.920        50
11.940        50
11.960        48
11.980        49
12.000        51
12.020        50
12.040        51
12.060        49
12.080        54
12.100        54
12.120        54
12.140        53
12.160        48
12.180        53
12.200        47
12.220        48
12.240        50
12.260        49
12.280        48
12.300        48
12.320        46
12.340        49
12.360        48
12.380        48
12.400        48
12.420        50
12.440        50
12.460        50
12.480        51
12.500        48
12.520        46
12.540        48
12.560        48
12.580        46
12.600        48
12.620        50
12.640        49
12.660        44
12.680        47
12.700        45
12.720        47
12.740        48
12.760        48
12.780        50
12.800        51
12.820        47
12.840        48
12.860        46
12.880        44
12.900        44
12.920        43
12.940        46
12.960        48
12.980        50
13.000        44
13.020        46
13.040        46
13.060        45
13.080        46
13.100        45
13.120        45
13.140        44
13.160        44
13.180        44
13.200        45
13.220        48
13.240        45
13.260        47
13.280        46
13.300        47
13.320        48
13.340        50
13.360        42
13.380        47
13.400        46
13.420        47
13.440        46
13.460        44
13.480        45
13.500        46
13.520        49
13.540        44
13.560        46
13.580        42
13.600        46
13.620        46
13.640        47
13.660        44
13.680        43
13.700        41
13.720        48
13.740        46
13.760        46
13.780        44
13.800        47
13.820        45
13.840        49
13.860        46
13.880        49
13.900        48
13.920        48
13.940        47
13.960        45
13.980        47
14.000        44
14.020        43
14.040        49
14.060        47
14.080        46
14.100        46
14.120        45
14.140        46
14.160        45
14.180        43
14.200        47
14.220        42
14.240        42
14.260        46
14.280        44
14.300        46
14.320        46
14.340        46
14.360        46
14.380        43
14.400        45
14.420        45
14.440        45
14.460        42
14.480        42
14.500        42
14.520        42
14.540        45
14.560        45
14.580        42
14.600        45
14.620        47
14.640        44
14.660        44
14.680        42
14.700        42
14.720        42
14.740        46
14.760        47
14.780        45
14.800        44
14.820        41
14.840        44
14.860        46
14.880        45
14.900        44
14.920        44
14.940        46
14.960        43
14.980        46
15.000        47
15.020        49
15.040        42
15.060        43
15.080        43
15.100        43
15.120        41
15.140        42
15.160        45
15.180        45
15.200        46
15.220        46
15.240        47
15.260        46
15.280        45
15.300        43
15.320        44
15.340        44
15.360        44
15.380        45
15.400        44
15.420        46
15.440        42
15.460        46
15.480        47
15.500        44
15.520        46
15.540        46
15.560        43
15.580        39
15.600        44
15.620        45
15.640        47
15.660        45
15.680        44
15.700        46
15.720        43
15.740        43
15.760        42
15.780        42
15.800        46
15.820        44
15.840        42
15.860        46
15.880        49
15.900        41
15.920        43
15.940        43
15.960        45
15.980        45
16.000        42
16.020        42
16.040        45
16.060        44
16.080        44
16.100        42
16.120        42
16.140        42
16.160        42
16.180        41
16.200        41
16.220        41
16.240        42
16.260        41
16.280        41
16.300        41
16.320        43
16.340        45
16.360        44
16.380        44
16.400        44
16.420        45
16.440        45
16.460        46
16.480        47
16.500        43
16.520        42
16.540        44
16.560        45
16.580        45
16.600        42
16.620        45
16.640        49
16.660        45
16.680        48
16.700        42
16.720        46
16.740        46
16.760        46
16.780        45
16.800        43
16.820        47
16.840        43
16.860        46
16.880        41
16.900        42
16.920        44
16.940        47
16.960        45
16.980        46
17.000        45
17.020        46
17.040        48
17.060        44
17.080        46
17.100        43
17.120        43
17.140        43
17.160        43
17.180        46
17.200        48
17.220        43
17.240        46
17.260        46
17.280        47
17.300        47
17.320        46
17.340        47
17.360        49
17.380        46
17.400        46
17.420        46
17.440        47
17.460        47
17.480        47
17.500        46
17.520        43
17.540        47
17.560        46
17.580        45
17.600        47
17.620        45
17.640        45
17.660        50
17.680        44
17.700        46
17.720        47
17.740        49
17.760        46
17.780        44
17.800        43
17.820        44
17.840        44
17.860        45
17.880        45
17.900        46
17.920        44
17.940        49
17.960        46
17.980        46
18.000        47
18.020        45
18.040        44
18.060        47
18.080        48
18.100        46
18.120        43
18.140        47
18.160        48
18.180        47
18.200        47
18.220        49
18.240        47
18.260        46
18.280        44
18.300        48
18.320        46
18.340        47
18.360        48
18.380        47
18.400        43
18.420        49
18.440        46
18.460        48
18.480        48
18.500        50
18.520        48
18.540        50
18.560        50
18.580        50
18.600        49
18.620        46
18.640        44
18.660        46
18.680        46
18.700        47
18.720        46
18.740        52
18.760        51
18.780        51
18.800        51
18.820        49
18.840        45
18.860        52
18.880        50
18.900        48
18.920        47
18.940        47
18.960        52
18.980        53
19.000        51
19.020        51
19.040        53
19.060        49
19.080        52
19.100        48
19.120        50
19.140        52
19.160        53
19.180        54
19.200        53
19.220        53
19.240        51
19.260        50
19.280        50
19.300        51
19.320        54
19.340        50
19.360        52
19.380        48
19.400        54
19.420        50
19.440        52
19.460        54
19.480        50
19.500        48
19.520        49
19.540        54
19.560        53
19.580        58
19.600        58
19.620        58
19.640        58
19.660        58
19.680        58
19.700        56
19.720        52
19.740        54
19.760        50
19.780        51
19.800        52
19.820        58
19.840        58
19.860        57
19.880        55
19.900        52
19.920        54
19.940        54
19.960        55
19.980        59
20.000        59
20.020        59
20.040        59
20.060        59
20.080        61
20.100        56
20.120        53
20.140        57
20.160        60
20.180        56
20.200        54
20.220        57
20.240        54
20.260        62
20.280        61
20.300        57
20.320        59
20.340        58
20.360        60
20.380        59
20.400        56
20.420        58
20.440        57
20.460        61
20.480        61
20.500        60
20.520        57
20.540        58
20.560        61
20.580        63
20.600        62
20.620        64
20.640        63
20.660        62
20.680        58
20.700        63
20.720        60
20.740        62
20.760        63
20.780        65
20.800        63
20.820        60
20.840        65
20.860        66
20.880        61
20.900        62
20.920        64
20.940        67
20.960        69
20.980        65
21.000        62
21.020        66
21.040        67
21.060        66
21.080        64
21.100        67
21.120        63
21.140        68
21.160        68
21.180        67
21.200        66
21.220        64
21.240        66
21.260        71
21.280        69
21.300        70
21.320        66
21.340        68
21.360        72
21.380        70
21.400        72
21.420        70
21.440        70
21.460        67
21.480        74
21.500        72
21.520        69
21.540        73
21.560        72
21.580        74
21.600        71
21.620        69
21.640        69
21.660        76
21.680        75
21.700        70
21.720        71
21.740        71
21.760        72
21.780        73
21.800        76
21.820        77
21.840        74
21.860        82
21.880        77
21.900        79
21.920        77
21.940        74
21.960        80
21.980        74
22.000        83
22.020        80
22.040        82
22.060        73
22.080        73
22.100        77
22.120        79
22.140        82
22.160        79
22.180        85
22.200        80
22.220        82
22.240        80
22.260        83
22.280        81
22.300        81
22.320        85
22.340        81
22.360        86
22.380        86
22.400        80
22.420        83
22.440        87
22.460        92
22.480        82
22.500        82
22.520        86
22.540        91
22.560        85
22.580        92
22.600        89
22.620        89
22.640        82
22.660        89
22.680        91
22.700        90
22.720        92
22.740        92
22.760        94
22.780        91
22.800        92
22.820        94
22.840        92
22.860        95
22.880        97
22.900        98
22.920        97
22.940        98
22.960       104
22.980       101
23.000       102
23.020       107
23.040        96
23.060       101
23.080        99
23.100        98
23.120        99
23.140        99
23.160        99
23.180       101
23.200        97
23.220       107
23.240       103
23.260       103
23.280       105
23.300       104
23.320        99
23.340       108
23.360       105
23.380       107
23.400       110
23.420       108
23.440       109
23.460       110
23.480       111
23.500       110
23.520       118
23.540       110
23.560       113
23.580       110
23.600       116
23.620       110
23.640       110
23.660       111
23.680       115
23.700       116
23.720       108
23.740       116
23.760       115
23.780       110
23.800       114
23.820       120
23.840       114
23.860       117
23.880       124
23.900       119
23.920       120
23.940       123
23.960       119
23.980       125
24.000       121
24.020       124
24.040       124
24.060       118
24.080       124
24.100       124
24.120       129
24.140       132
24.160       131
24.180       126
24.200       127
24.220       123
24.240       123
24.260       135
24.280       128
24.300       125
24.320       138
24.340       127
24.360       133
24.380       132
24.400       134
24.420       129
24.440       127
24.460       130
24.480       125
24.500       132
24.520       133
24.540       130
24.560       127
24.580       138
24.600       132
24.620       136
24.640       127
24.660       135
24.680       130
24.700       139
24.720       132
24.740       132
24.760       133
24.780       134
24.800       130
24.820       134
24.840       139
24.860       138
24.880       131
24.900       137
24.920       135
24.940       136
24.960       134
24.980       138
25.000       139
25.020       137
25.040       129
25.060       141
25.080       137
25.100       142
25.120       139
25.140       135
25.160       142
25.180       132
25.200       137
25.220       137
25.240       130
25.260       134
25.280       132
25.300       129
25.320       132
25.340       131
25.360       134
25.380       131
25.400       130
25.420       132
25.440       143
25.460       133
25.480       134
25.500       132
25.520       136
25.540       131
25.560       127
25.580       136
25.600       131
25.620       126
25.640       127
25.660       131
25.680       123
25.700       132
25.720       135
25.740       139
25.760       133
25.780       130
25.800       121
25.820       129
25.840       126
25.860       126
25.880       120
25.900       122
25.920       122
25.940       122
25.960       122
25.980       128
26.000       120
26.020       128
26.040       121
26.060       118
26.080       116
26.100       122
26.120       116
26.140       126
26.160       118
26.180       115
26.200       116
26.220       121
26.240       119
26.260       121
26.280       113
26.300       114
26.320       117
26.340       116
26.360       116
26.380       118
26.400       114
26.420       114
26.440       111
26.460       113
26.480       116
26.500       108
26.520       113
26.540       106
26.560       112
26.580       109
26.600       108
26.620       104
26.640       109
26.660       113
26.680       104
26.700       105
26.720       109
26.740       101
26.760       101
26.780       104
26.800       103
26.820       110
26.840       107
26.860       105
26.880       109
26.900       103
26.920       101
26.940       104
26.960       103
26.980       101
27.000       102
27.020        97
27.040        99
27.060       104
27.080        97
27.100        96
27.120       104
27.140       103
27.160       103
27.180       102
27.200        97
27.220        95
27.240        91
27.260        96
27.280        91
27.300        96
27.320        94
27.340        96
27.360        94
27.380        96
27.400        93
27.420        94
27.440        89
27.460        88
27.480        88
27.500        88
27.520        89
27.540        87
27.560        87
27.580        85
27.600        87
27.620        88
27.640        86
27.660        85
27.680        84
27.700        84
27.720        84
27.740        84
27.760        85
27.780        82
27.800        92
27.820        81
27.840        86
27.860        87
27.880        79
27.900        84
27.920        85
27.940        79
27.960        78
27.980        80
28.000        84
28.020        84
28.040        77
28.060        79
28.080        79
28.100        82
28.120        79
28.140        76
28.160        79
28.180        75
28.200        80
28.220        77
28.240        76
28.260        73
28.280        72
28.300        78
28.320        76
28.340        75
28.360        75
28.380        72
28.400        70
28.420        79
28.440        75
28.460        72
28.480        75
28.500        73
28.520        73
28.540        70
28.560        72
28.580        74
28.600        72
28.620        72
28.640        76
28.660        71
28.680        71
28.700        65
28.720        72
28.740        72
28.760        70
28.780        69
28.800        67
28.820        67
28.840        73
28.860        71
28.880        71
28.900        67
28.920        69
28.940        69
28.960        68
28.980        64
29.000        65
29.020        67
29.040        65
29.060        65
29.080        69
29.100        69
29.120        69
29.140        69
29.160        68
29.180        62
29.200        60
29.220        63
29.240        63
29.260        62
29.280        59
29.300        63
29.320        63
29.340        63
29.360        64
29.380        62
29.400        68
29.420        63
29.440        68
29.460        61
29.480        60
29.500        61
29.520        64
29.540        67
29.560        63
29.580        62
29.600        60
29.620        64
29.640        61
29.660        62
29.680        60
29.700        59
29.720        61
29.740        60
29.760        66
29.780        66
29.800        65
29.820        61
29.840        58
29.860        61
29.880        63
29.900        60
29.920        62
29.940        61
29.960        58
29.980        58
30.000        60
30.020        64
30.040        61
30.060        58
30.080        61
30.100        61
30.120        59
30.140        54
30.160        62
30.180        59
30.200        60
30.220        55
30.240        67
30.260        60
30.280        65
30.300        60
30.320        59
30.340        55
30.360        55
30.380        55
30.400        59
30.420        60
30.440        56
30.460        61
30.480        56
30.500        62
30.520        56
30.540        55
30.560        57
30.580        57
30.600        59
30.620        57
30.640        60
30.660        58
30.680        63
30.700        59
30.720        59
30.740        59
30.760        57
30.780        58
30.800        58
30.820        62
30.840        57
30.860        55
30.880        60
30.900        63
30.920        57
30.940        62
30.960        62
30.980        57
31.000        60
31.020        59
31.040        62
31.060        57
31.080        56
31.100        56
31.120        58
31.140        60
31.160        61
31.180        61
31.200        62
31.220        61
31.240        59
31.260        64
31.280        65
31.300        61
31.320        57
31.340        60
31.360        60
31.380        65
31.400        62
31.420        58
31.440        60
31.460        59
31.480        61
31.500        58
31.520        63
31.540        58
31.560        58
31.580        56
31.600        54
31.620        62
31.640        61
31.660        62
31.680        62
31.700        61
31.720        60
31.740        62
31.760        61
31.780        60
31.800        61
31.820        69
31.840        61
31.860        65
31.880        65
31.900        61
31.920        61
31.940        61
31.960        59
31.980        59
32.000        58
32.020        66
32.040        58
32.060        62
32.080        59
32.100        62
32.120        64
32.140        60
32.160        57
32.180        60
32.200        59
32.220        56
32.240        61
32.260        62
32.280        60
32.300        62
32.320        64
32.340        66
32.360        63
32.380        63
32.400        66
32.420        62
32.440        61
32.460        58
32.480        63
32.500        62
32.520        66
32.540        64
32.560        61
32.580        64
32.600        64
32.620        64
32.640        64
32.660        65
32.680        60
32.700        64
32.720        64
32.740        64
32.760        64
32.780        63
32.800        59
32.820        64
32.840        61
32.860        58
32.880        63
32.900        63
32.920        59
32.940        58
32.960        62
32.980        59
33.000        64
33.020        60
33.040        58
33.060        62
33.080        66
33.100        59
33.120        59
33.140        63
33.160        66
33.180        61
33.200        58
33.220        62
33.240        61
33.260        58
33.280        62
33.300        60
33.320        57
33.340        64
33.360        63
33.380        60
33.400        55
33.420        59
33.440        56
33.460        57
33.480        52
33.500        60
33.520        58
33.540        56
33.560        55
33.580        54
33.600        52
33.620        56
33.640        56
33.660        57
33.680        57
33.700        58
33.720        55
33.740        57
33.760        58
33.780        54
33.800        59
33.820        58
33.840        52
33.860        55
33.880        51
33.900        54
33.920        56
33.940        56
33.960        55
33.980        55
34.000        55
34.020        51
34.040        50
34.060        52
34.080        51
34.100        47
34.120        50
34.140        52
34.160        49
34.180        50
34.200        52
34.220        50
34.240        51
34.260        54
34.280        50
34.300        49
34.320        49
34.340        48
34.360        47
34.380        44
34.400        43
34.420        47
34.440        48
34.460        47
34.480        48
34.500        46
34.520        44
34.540        46
34.560        49
34.580        46
34.600        49
34.620        48
34.640        46
34.660        44
34.680        44
34.700        43
34.720        48
34.740        44
34.760        50
34.780        45
34.800        47
34.820        46
34.840        48
34.860        43
34.880        44
34.900        47
34.920        46
34.940        41
34.960        43
34.980        42
35.000        41
35.020        41
35.040        40
35.060        44
35.080        46
35.100        44
35.120        42
35.140        44
35.160        44
35.180        44
35.200        43
35.220        45
35.240        41
35.260        41
35.280        41
35.300        42
35.320        46
35.340        43
35.360        45
35.380        44
35.400        43
35.420        42
35.440        43
35.460        46
35.480        44
35.500        41
35.520        42
35.540        45
35.560        40
35.580        41
35.600        43
35.620        42
35.640        42
35.660        44
35.680        41
35.700        42
35.720        40
35.740        41
35.760        41
35.780        41
35.800        41
35.820        45
35.840        41
35.860        44
35.880        41
35.900        43
35.920        43
35.940        40
35.960        40
35.980        42
36.000        44
36.020        38
36.040        41
36.060        41
36.080        40
36.100        42
36.120        42
36.140        39
36.160        41
36.180        43
36.200        40
36.220        42
36.240        42
36.260        40
36.280        38
36.300        42
36.320        40
36.340        38
36.360        41
36.380        41
36.400        41
36.420        42
36.440        43
36.460        42
36.480        43
36.500        42
36.520        39
36.540        41
36.560        39
36.580        38
36.600        36
36.620        41
36.640        40
36.660        40
36.680        41
36.700        39
36.720        41
36.740        41
36.760        40
36.780        40
36.800        41
36.820        44
36.840        41
36.860        40
36.880        42
36.900        44
36.920        39
36.940        38
36.960        43
36.980        41
37.000        39
37.020        39
37.040        39
37.060        39
37.080        43
37.100        40
37.120        41
37.140        41
37.160        41
37.180        41
37.200        40
37.220        41
37.240        42
37.260        43
37.280        42
37.300        40
37.320        41
37.340        38
37.360        45
37.380        40
37.400        41
37.420        41
37.440        39
37.460        40
37.480        42
37.500        37
37.520        40
37.540        40
37.560        38
37.580        38
37.600        37
37.620        39
37.640        40
37.660        42
37.680        40
37.700        38
37.720        41
37.740        39
37.760        38
37.780        40
37.800        42
37.820        42
37.840        40
37.860        38
37.880        36
37.900        41
37.920        38
37.940        40
37.960        41
37.980        42
38.000        38
38.020        36
38.040        37
38.060        40
38.080        41
38.100        40
38.120        40
38.140        40
38.160        40
38.180        40
38.200        40
38.220        38
38.240        39
38.260        38
38.280        38
38.300        38
38.320        41
38.340        38
38.360        34
38.380        39
38.400        37
38.420        38
38.440        38
38.460        38
38.480        38
38.500        37
38.520        36
38.540        34
38.560        37
38.580        36
38.600        37
38.620        36
38.640        37
38.660        36
38.680        38
38.700        40
38.720        36
38.740        34
38.760        35
38.780        36
38.800        36
38.820        37
38.840        39
38.860        37
38.880        36
38.900        34
38.920        35
38.940        35
38.960        35
38.980        33
39.000        35
39.020        36
39.040        37
39.060        34
39.080        36
39.100        32
39.120        34
39.140        35
39.160        37
39.180        34
39.200        35
39.220        35
39.240        32
39.260        40
39.280        36
39.300        36
39.320        37
39.340        37
39.360        37
39.380        34
39.400        33
39.420        33
39.440        32
39.460        35
39.480        36
39.500        34
39.520        33
39.540        34
39.560        33
39.580        36
39.600        35
39.620        35
39.640        35
39.660        35
39.680        35
39.700        33
39.720        34
39.740        34
39.760        34
39.780        35
39.800        30
39.820        32
39.840        33
39.860        33
39.880        32
39.900        32
39.920        31
39.940        36
39.960        33
39.980        35
40.000        34
40.020        29
40.040        32
40.060        31
40.080        30
40.100        30
40.120        30
40.140        30
40.160        33
40.180        34
40.200        31
40.220        28
40.240        28
40.260        28
40.280        28
40.300        35
40.320        32
40.340        32
40.360        30
40.380        32
40.400        32
40.420        34
40.440        33
40.460        32
40.480        33
40.500        32
40.520        33
40.540        30
40.560        32
40.580        30
40.600        30
40.620        29
40.640        32
40.660        33
40.680        30
40.700        30
40.720        30
40.740        30
40.760        32
40.780        32
40.800        30
40.820        30
40.840        29
40.860        30
40.880        31
40.900        32
40.920        32
40.940        31
40.960        30
40.980        32
41.000        30
41.020        33
41.040        32
41.060        32
41.080        35
41.100        34
41.120        34
41.140        34
41.160        31
41.180        31
41.200        31
41.220        32
41.240        32
41.260        32
41.280        30
41.300        29
41.320        33
41.340        31
41.360        32
41.380        30
41.400        30
41.420        29
41.440        31
41.460        28
41.480        31
41.500        27
41.520        28
41.540        28
41.560        28
41.580        28
41.600        28
41.620        29
41.640        30
41.660        30
41.680        31
41.700        34
41.720        33
41.740        30
41.760        29
41.780        28
41.800        31
41.820        32
41.840        30
41.860        30
41.880        30
41.900        31
41.920        34
41.940        31
41.960        31
41.980        29
42.000        30
42.020        30
42.040        30
42.060        30
42.080        30
42.100        32
42.120        31
42.140        29
42.160        31
42.180        32
42.200        31
42.220        33
42.240        31
42.260        32
42.280        32
42.300        30
42.320        28
42.340        30
42.360        32
42.380        30
42.400        31
42.420        30
42.440        33
42.460        31
42.480        31
42.500        33
42.520        32
42.540        31
42.560        33
42.580        32
42.600        32
42.620        33
42.640        32
42.660        35
42.680        33
42.700        35
42.720        35
42.740        35
42.760        36
42.780        34
42.800        33
42.820        32
42.840        34
42.860        35
42.880        31
42.900        32
42.920        32
42.940        33
42.960        33
42.980        34
43.000        33
43.020        31
43.040        33
43.060        35
43.080        32
43.100        33
43.120        33
43.140        35
43.160        33
43.180        34
43.200        32
43.220        31
43.240        35
43.260        30
43.280        33
43.300        31
43.320        31
43.340        32
43.360        35
43.380        30
43.400        31
43.420        30
43.440        33
43.460        34
43.480        33
43.500        32
43.520        34
43.540        30
43.560        31
43.580        31
43.600        31
43.620        33
43.640        32
43.660        32
43.680        34
43.700        34
43.720        36
43.740        33
43.760        39
43.780        33
43.800        36
43.820        33
43.840        33
43.860        34
43.880        35
43.900        34
43.920        34
43.940        34
43.960        35
43.980        37
44.000        36
44.020        36
44.040        36
44.060        36
44.080        34
44.100        35
44.120        33
44.140        35
44.160        33
44.180        34
44.200        35
44.220        36
44.240        34
44.260        35
44.280        36
44.300        37
44.320        34
44.340        35
44.360        34
44.380        33
44.400        32
44.420        33
44.440        34
44.460        34
44.480        34
44.500        34
44.520        34
44.540        33
44.560        35
44.580        32
44.600        35
44.620        38
44.640        33
44.660        34
44.680        36
44.700        34
44.720        36
44.740        37
44.760        37
44.780        34
44.800        35
44.820        35
44.840        35
44.860        34
44.880        35
44.900        39
44.920        39
44.940        40
44.960        34
44.980        37
45.000        37
45.020        36
45.040        38
45.060        37
45.080        36
45.100        38
45.120        38
45.140        42
45.160        38
45.180        41
45.200        40
45.220        38
45.240        37
45.260        41
45.280        37
45.300        37
45.320        36
45.340        38
45.360        39
45.380        38
45.400        38
45.420        42
45.440        38
45.460        40
45.480        40
45.500        38
45.520        41
45.540        39
45.560        40
45.580        39
45.600        39
45.620        38
45.640        41
45.660        40
45.680        40
45.700        42
45.720        42
45.740        40
45.760        43
45.780        45
45.800        44
45.820        46
45.840        46
45.860        43
45.880        44
45.900        43
45.920        44
45.940        41
45.960        42
45.980        40
46.000        39
46.020        44
46.040        46
46.060        45
46.080        45
46.100        45
46.120        46
46.140        49
46.160        43
46.180        39
46.200        41
46.220        47
46.240        43
46.260        45
46.280        50
46.300        46
46.320        47
46.340        41
46.360        45
46.380        45
46.400        45
46.420        45
46.440        45
46.460        48
46.480        46
46.500        48
46.520        42
46.540        49
46.560        42
46.580        47
46.600        47
46.620        50
46.640        49
46.660        47
46.680        49
46.700        47
46.720        46
46.740        51
46.760        45
46.780        48
46.800        48
46.820        50
46.840        52
46.860        50
46.880        50
46.900        50
46.920        51
46.940        51
46.960        52
46.980        52
47.000        50
47.020        49
47.040        48
47.060        48
47.080        47
47.100        52
47.120        51
47.140        51
47.160        52
47.180        51
47.200        51
47.220        51
47.240        49
47.260        54
47.280        55
47.300        56
47.320        56
47.340        56
47.360        55
47.380        55
47.400        54
47.420        54
47.440        52
47.460        50
47.480        51
47.500        56
47.520        50
47.540        54
47.560        53
47.580        52
47.600        55
47.620        55
47.640        53
47.660        54
47.680        51
47.700        52
47.720        52
47.740        56
47.760        51
47.780        55
47.800        51
47.820        54
47.840        54
47.860        53
47.880        54
47.900        54
47.920        52
47.940        56
47.960        55
47.980        50
48.000        54
48.020        54
48.040        53
48.060        53
48.080        55
48.100        55
48.120        55
48.140        55
48.160        54
48.180        56
48.200        53
48.220        54
48.240        53
48.260        58
48.280        55
48.300        55
48.320        58
48.340        52
48.360        52
48.380        52
48.400        53
48.420        55
48.440        57
48.460        54
48.480        51
48.500        56
48.520        58
48.540        54
48.560        51
48.580        50
48.600        58
48.620        58
48.640        55
48.660        53
48.680        54
48.700        52
48.720        53
48.740        52
48.760        57
48.780        54
48.800        55
48.820        51
48.840        51
48.860        49
48.880        49
48.900        51
48.920        55
48.940        54
48.960        52
48.980        55
49.000        50
49.020        54
49.040        54
49.060        54
49.080        53
49.100        49
49.120        49
49.140        53
49.160        50
49.180        50
49.200        50
49.220        49
49.240        51
49.260        46
49.280        53
49.300        48
49.320        50
49.340        46
49.360        48
49.380        50
49.400        49
49.420        47
49.440        47
49.460        44
49.480        46
49.500        46
49.520        47
49.540        52
49.560        50
49.580        48
49.600        44
49.620        50
49.640        46
49.660        49
49.680        46
49.700        49
49.720        46
49.740        46
49.760        50
49.780        46
49.800        46
49.820        46
49.840        47
49.860        48
49.880        44
49.900        45
49.920        45
49.940        49
49.960        43
49.980        44
50.000        47
50.020        48
50.040        47
50.060        45
50.080        45
50.100        46
50.120        48
50.140        44
50.160        44
50.180        44
50.200        47
50.220        48
50.240        47
50.260        47
50.280        42
50.300        41
50.320        44
50.340        47
50.360        46
50.380        45
50.400        44
50.420        44
50.440        44
50.460        44
50.480        43
50.500        44
50.520        45
50.540        44
50.560        46
50.580        46
50.600        40
50.620        42
50.640        43
50.660        43
50.680        44
50.700        43
50.720        44
50.740        44
50.760        46
50.780        41
50.800        43
50.820        43
50.840        47
50.860        46
50.880        46
50.900        47
50.920        47
50.940        47
50.960        47
50.980        49
51.000        44
51.020        45
51.040        43
51.060        45
51.080        41
51.100        40
51.120        40
51.140        40
51.160        40
51.180        43
51.200        42
51.220        42
51.240        43
51.260        45
51.280        43
51.300        39
51.320        42
51.340        41
51.360        40
51.380        40
51.400        42
51.420        44
51.440        41
51.460        46
51.480        42
51.500        43
51.520        43
51.540        40
51.560        43
51.580        43
51.600        41
51.620        41
51.640        41
51.660        39
51.680        45
51.700        38
51.720        41
51.740        42
51.760        41
51.780        39
51.800        41
51.820        40
51.840        40
51.860        40
51.880        38
51.900        42
51.920        38
51.940        40
51.960        41
51.980        40
52.000        40
52.020        44
52.040        41
52.060        40
52.080        40
52.100        40
52.120        41
52.140        40
52.160        40
52.180        39
52.200        40
52.220        42
52.240        39
52.260        43
52.280        38
52.300        42
52.320        41
52.340        41
52.360        40
52.380        40
52.400        40
52.420        40
52.440        42
52.460        42
52.480        44
52.500        42
52.520        37
52.540        43
52.560        39
52.580        40
52.600        36
52.620        41
52.640        39
52.660        38
52.680        42
52.700        41
52.720        43
52.740        41
52.760        40
52.780        39
52.800        41
52.820        38
52.840        40
52.860        39
52.880        40
52.900        41
52.920        40
52.940        40
52.960        39
52.980        40
53.000        38
53.020        38
53.040        38
53.060        39
53.080        38
53.100        37
53.120        40
53.140        37
53.160        39
53.180        36
53.200        39
53.220        40
53.240        37
53.260        38
53.280        41
53.300        37
53.320        39
53.340        40
53.360        36
53.380        41
53.400        35
53.420        41
53.440        36
53.460        41
53.480        38
53.500        38
53.520        39
53.540        41
53.560        41
53.580        38
53.600        38
53.620        38
53.640        38
53.660        42
53.680        41
53.700        40
53.720        39
53.740        40
53.760        38
53.780        36
53.800        37
53.820        39
53.840        36
53.860        36
53.880        36
53.900        34
53.920        38
53.940        42
53.960        38
53.980        40
54.000        38
54.020        38
54.040        36
54.060        38
54.080        37
54.100        38
54.120        40
54.140        38
54.160        41
54.180        36
54.200        40
54.220        40
54.240        38
54.260        40
54.280        37
54.300        41
54.320        38
54.340        38
54.360        39
54.380        38
54.400        39
54.420        37
54.440        39
54.460        42
54.480        39
54.500        38
54.520        38
54.540        38
54.560        40
54.580        36
54.600        37
54.620        35
54.640        39
54.660        36
54.680        38
54.700        40
54.720        37
54.740        36
54.760        38
54.780        36
54.800        35
54.820        35
54.840        35
54.860        34
54.880        36
54.900        38
54.920        40
54.940        36
54.960        38
54.980        35
55.000        35
55.020        35
55.040        35
55.060        37
55.080        38
55.100        42
55.120        40
55.140        40
55.160        39
55.180        39
55.200        36
55.220        36
55.240        36
55.260        38
55.280        37
55.300        38
55.320        36
55.340        39
55.360        37
55.380        38
55.400        38
55.420        34
55.440        35
55.460        38
55.480        36
55.500        37
55.520        35
55.540        37
55.560        37
55.580        34
55.600        38
55.620        37
55.640        37
55.660        37
55.680        38
55.700        36
55.720        35
55.740        36
55.760        39
55.780        37
55.800        38
55.820        35
55.840        38
55.860        39
55.880        38
55.900        37
55.920        37
55.940        37
55.960        37
55.980        39
56.000        38
56.020        36
56.040        36
56.060        37
56.080        37
56.100        38
56.120        34
56.140        37
56.160        36
56.180        36
56.200        37
56.220        39
56.240        34
56.260        36
56.280        38
56.300        37
56.320        37
56.340        37
56.360        36
56.380        38
56.400        38
56.420        38
56.440        37
56.460        37
56.480        36
56.500        36
56.520        34
56.540        36
56.560        37
56.580        36
56.600        34
56.620        37
56.640        35
56.660        32
56.680        33
56.700        33
56.720        33
56.740        34
56.760        34
56.780        34
56.800        34
56.820        34
56.840        38
56.860        36
56.880        35
56.900        34
56.920        32
56.940        34
56.960        32
56.980        38
57.000        35
57.020        34
57.040        38
57.060        35
57.080        38
57.100        34
57.120        37
57.140        34
57.160        35
57.180        36
57.200        33
57.220        38
57.240        34
57.260        38
57.280        35
57.300        36
57.320        36
57.340        36
57.360        38
57.380        39
57.400        39
57.420        35
57.440        35
57.460        34
57.480        35
57.500        33
57.520        33
57.540        35
57.560        36
57.580        36
57.600        36
57.620        36
57.640        37
57.660        36
57.680        33
57.700        38
57.720        34
57.740        39
57.760        37
57.780        40
57.800        35
57.820        37
57.840        36
57.860        34
57.880        37
57.900        38
57.920        37
57.940        35
57.960        37
57.980        38
58.000        45
58.020        38
58.040        39
58.060        40
58.080        40
58.100        40
58.120        36
58.140        42
58.160        36
58.180        40
58.200        36
58.220        38
58.240        35
58.260        38
58.280        39
58.300        38
58.320        37
58.340        38
58.360        38
58.380        38
58.400        38
58.420        40
58.440        36
58.460        38
58.480        37
58.500        38
58.520        39
58.540        36
58.560        38
58.580        38
58.600        40
58.620        40
58.640        41
58.660        39
58.680        36
58.700        39
58.720        36
58.740        38
58.760        39
58.780        39
58.800        38
58.820        37
58.840        36
58.860        38
58.880        42
58.900        40
58.920        41
58.940        38
58.960        39
58.980        38
59.000        37
59.020        37
59.040        37
59.060        39
59.080        38
59.100        37
59.120        40
59.140        40
59.160        39
59.180        39
59.200        39
59.220        40
59.240        39
59.260        36
59.280        38
59.300        37
59.320        42
59.340        39
59.360        40
59.380        39
59.400        40
59.420        39
59.440        41
59.460        40
59.480        40
59.500        40
59.520        40
59.540        40
59.560        36
59.580        41
59.600        38
59.620        40
59.640        40
59.660        39
59.680        38
59.700        36
59.720        39
59.740        41
59.760        39
59.780        39
59.800        38
59.820        40
59.840        41
59.860        38
59.880        36
59.900        39
59.920        40
59.940        39
59.960        39
59.980        39
60.000        36
60.020        38
60.040        40
60.060        38
60.080        38
60.100        41
60.120        41
60.140        39
60.160        40
60.180        38
60.200        40
60.220        38
60.240        38
60.260        39
60.280        38
60.300        38
60.320        40
60.340        41
60.360        38
60.380        40
60.400        38
60.420        37
60.440        37
60.460        38
60.480        39
60.500        38
60.520        35
60.540        37
60.560        40
60.580        37
60.600        35
60.620        38
60.640        39
60.660        36
60.680        39
60.700        38
60.720        38
60.740        38
60.760        39
60.780        38
60.800        35
60.820        36
60.840        39
60.860        35
60.880        36
60.900        36
60.920        35
60.940        36
60.960        36
60.980        37
61.000        36
61.020        35
61.040        38
61.060        37
61.080        36
61.100        39
61.120        38
61.140        38
61.160        40
61.180        37
61.200        37
61.220        38
61.240        37
61.260        34
61.280        36
61.300        38
61.320        34
61.340        35
61.360        37
61.380        37
61.400        38
61.420        38
61.440        39
61.460        36
61.480        40
61.500        37
61.520        36
61.540        33
61.560        37
61.580        33
61.600        37
61.620        34
61.640        36
61.660        32
61.680        32
61.700        34
61.720        34
61.740        37
61.760        36
61.780        36
61.800        36
61.820        38
61.840        40
61.860        33
61.880        34
61.900        36
61.920        36
61.940        36
61.960        34
61.980        37
62.000        35
62.020        37
62.040        38
62.060        36
62.080        34
62.100        32
62.120        35
62.140        36
62.160        35
62.180        34
62.200        36
62.220        36
62.240        32
62.260        35
62.280        35
62.300        37
62.320        35
62.340        34
62.360        34
62.380        34
62.400        33
62.420        36
62.440        36
62.460        36
62.480        36
62.500        34
62.520        34
62.540        33
62.560        33
62.580        32
62.600        35
62.620        33
62.640        35
62.660        36
62.680        34
62.700        37
62.720        35
62.740        36
62.760        37
62.780        33
62.800        35
62.820        32
62.840        33
62.860        33
62.880        34
62.900        30
62.920        34
62.940        33
62.960        34
62.980        35
63.000        35
63.020        36
63.040        36
63.060        36
63.080        36
63.100        34
63.120        36
63.140        36
63.160        38
63.180        35
63.200        31
63.220        30
63.240        32
63.260        32
63.280        33
63.300        34
63.320        34
63.340        32
63.360        34
63.380        33
63.400        34
63.420        34
63.440        30
63.460        31
63.480        33
63.500        33
63.520        31
63.540        32
63.560        32
63.580        32
63.600        34
63.620        33
63.640        34
63.660        33
63.680        33
63.700        32
63.720        31
63.740        33
63.760        30
63.780        30
63.800        32
63.820        30
63.840        32
63.860        34
63.880        33
63.900        32
63.920        32
63.940        33
63.960        32
63.980        32
64.000        31
64.020        30
64.040        30
64.060        29
64.080        32
64.100        31
64.120        31
64.140        29
64.160        30
64.180        30
64.200        29
64.220        26
64.240        30
64.260        29
64.280        30
64.300        28
64.320        26
64.340        29
64.360        30
64.380        31
64.400        31
64.420        29
64.440        29
64.460        30
64.480        31
64.500        30
64.520        29
64.540        29
64.560        29
64.580        30
64.600        30
64.620        33
64.640        31
64.660        30
64.680        31
64.700        31
64.720        33
64.740        33
64.760        34
64.780        30
64.800        31
64.820        31
64.840        30
64.860        30
64.880        30
64.900        30
64.920        30
64.940        27
64.960        31
64.980        30
65.000        28
65.020        28
65.040        29
65.060        28
65.080        29
65.100        29
65.120        30
65.140        29
65.160        30
65.180        31
65.200        31
65.220        29
65.240        30
65.260        29
65.280        31
65.300        27
65.320        30
65.340        30
65.360        26
65.380        29
65.400        28
65.420        24
65.440        28
65.460        27
65.480        26
65.500        30
65.520        28
65.540        28
65.560        28
65.580        28
65.600        28
65.620        28
65.640        28
65.660        29
65.680        29
65.700        29
65.720        29
65.740        29
65.760        29
65.780        29
65.800        30
65.820        29
65.840        29
65.860        26
65.880        24
65.900        26
65.920        26
65.940        26
65.960        28
65.980        28
66.000        29
66.020        28
66.040        28
66.060        28
66.080        28
66.100        28
66.120        28
66.140        30
66.160        25
66.180        25
66.200        25
66.220        27
66.240        25
66.260        26
66.280        26
66.300        28
66.320        25
66.340        24
66.360        24
66.380        23
66.400        23
66.420        23
66.440        22
66.460        24
66.480        23
66.500        26
66.520        24
66.540        24
66.560        22
66.580        22
66.600        22
66.620        22
66.640        24
66.660        23
66.680        25
66.700        27
66.720        26
66.740        26
66.760        26
66.780        23
66.800        25
66.820        27
66.840        26
66.860        24
66.880        25
66.900        25
66.920        25
66.940        25
66.960        24
66.980        24
67.000        25
67.020        26
67.040        26
67.060        22
67.080        21
67.100        21
67.120        21
67.140        21
67.160        25
67.180        25
67.200        25
67.220        26
67.240        25
67.260        25
67.280        24
67.300        24
67.320        25
67.340        25
67.360        26
67.380        25
67.400        24
67.420        22
67.440        22
67.460        22
67.480        22
67.500        22
67.520        22
67.540        24
67.560        23
67.580        22
67.600        23
67.620        25
67.640        25
67.660        26
67.680        25
67.700        23
67.720        24
67.740        23
67.760        23
67.780        22
67.800        22
67.820        23
67.840        22
67.860        21
67.880        24
67.900        26
67.920        24
67.940        26
67.960        26
67.980        26
68.000        26
68.020        23
68.040        22
68.060        23
68.080        25
68.100        26
68.120        25
68.140        24
68.160        24
68.180        24
68.200        24
68.220        23
68.240        24
68.260        24
68.280        24
68.300        24
68.320        24
68.340        24
68.360        25
68.380        25
68.400        24
68.420        24
68.440        24
68.460        24
68.480        25
68.500        23
68.520        26
68.540        25
68.560        26
68.580        24
68.600        22
68.620        24
68.640        23
68.660        22
68.680        22
68.700        24
68.720        23
68.740        23
68.760        22
68.780        23
68.800        23
68.820        25
68.840        24
68.860        24
68.880        23
68.900        23
68.920        23
68.940        22
68.960        24
68.980        26
69.000        25
69.020        26
69.040        25
69.060        26
69.080        26
69.100        26
69.120        26
69.140        26
69.160        24
69.180        25
69.200        25
69.220        27
69.240        25
69.260        23
69.280        27
69.300        28
69.320        25
69.340        26
69.360        24
69.380        22
69.400        26
69.420        25
69.440        25
69.460        25
69.480        25
69.500        26
69.520        27
69.540        26
69.560        26
69.580        26
69.600        26
69.620        27
69.640        27
69.660        27
69.680        29
69.700        25
69.720        24
69.740        26
69.760        26
69.780        26
69.800        28
69.820        28
69.840        28
69.860        27
69.880        27
69.900        28
69.920        25
69.940        27
69.960        24
69.980        25
70.000        25
70.020        26
70.040        23
70.060        25
70.080        26
70.100        28
70.120        25
70.140        24
70.160        22
70.180        25
70.200        25
70.220        24
70.240        26
70.260        26
70.280        24
70.300        23
70.320        24
70.340        24
70.360        24
70.380        24
70.400        24
70.420        24
70.440        26
70.460        24
70.480        24
70.500        24
70.520        24
70.540        24
70.560        25
70.580        27
70.600        25
70.620        28
70.640        26
70.660        27
70.680        26
70.700        28
70.720        26
70.740        24
70.760        28
70.780        26
70.800        26
70.820        26
70.840        24
70.860        24
70.880        23
70.900        26
70.920        27
70.940        25
70.960        26
70.980        24
71.000        25
71.020        28
71.040        27
71.060        28
71.080        25
71.100        27
71.120        26
71.140        26
71.160        26
71.180        26
71.200        26
71.220        26
71.240        27
71.260        23
71.280        23
71.300        23
71.320        24
71.340        25
71.360        26
71.380        25
71.400        24
71.420        27
71.440        26
71.460        28
71.480        26
71.500        25
71.520        25
71.540        27
71.560        25
71.580        28
71.600        27
71.620        27
71.640        26
71.660        27
71.680        28
71.700        27
71.720        25
71.740        26
71.760        27
71.780        28
71.800        26
71.820        26
71.840        26
71.860        27
71.880        25
71.900        25
71.920        25
71.940        25
71.960        25
71.980        27
72.000        23
72.020        27
72.040        24
72.060        25
72.080        26
72.100        25
72.120        24
72.140        27
72.160        25
72.180        26
72.200        28
72.220        28
72.240        28
72.260        28
72.280        27
72.300        24
72.320        24
72.340        25
72.360        26
72.380        26
72.400        28
72.420        24
72.440        26
72.460        25
72.480        27
72.500        25
72.520        27
72.540        26
72.560        25
72.580        24
72.600        25
72.620        28
72.640        25
72.660        26
72.680        26
72.700        26
72.720        25
72.740        25
72.760        24
72.780        23
72.800        22
72.820        24
72.840        24
72.860        25
72.880        28
72.900        28
72.920        28
72.940        28
72.960        26
72.980        25
73.000        25
73.020        25
73.040        24
73.060        23
73.080        28
73.100        26
73.120        26
73.140        26
73.160        27
73.180        27
73.200        26
73.220        25
73.240        24
73.260        24
73.280        23
73.300        23
73.320        23
73.340        22
73.360        22
73.380        26
73.400        24
73.420        24
73.440        25
73.460        23
73.480        23
73.500        25
73.520        27
73.540        27
73.560        27
73.580        23
73.600        27
73.620        24
73.640        25
73.660        24
73.680        24
73.700        25
73.720        25
73.740        25
73.760        24
73.780        24
73.800        24
73.820        24
73.840        23
73.860        23
73.880        23
73.900        25
73.920        24
73.940        25
73.960        25
73.980        25
74.000        26
74.020        26
74.040        26
74.060        23
74.080        24
74.100        24
74.120        24
74.140        24
74.160        25
74.180        25
74.200        25
74.220        25
74.240        24
74.260        25
74.280        24
74.300        26
74.320        28
74.340        27
74.360        24
74.380        24
74.400        26
74.420        26
74.440        26
74.460        24
74.480        26
74.500        26
74.520        26
74.540        26
74.560        27
74.580        27
74.600        27
74.620        25
74.640        23
74.660        22
74.680        22
74.700        22
74.720        22
74.740        22
74.760        21
74.780        24
74.800        23
74.820        23
74.840        23
74.860        24
74.880        24
74.900        24
74.920        25
74.940        22
74.960        22
74.980        23
75.000        24
75.020        24
75.040        24
75.060        24
75.080        24
75.100        25
75.120        27
75.140        23
75.160        25
75.180        23
75.200        24
75.220        21
75.240        23
75.260        22
75.280        24
75.300        21
75.320        22
75.340        22
75.360        23
75.380        25
75.400        25
75.420        23
75.440        24
75.460        25
75.480        23
75.500        23
75.520        26
75.540        25
75.560        25
75.580        24
75.600        23
75.620        23
75.640        21
75.660        24
75.680        23
75.700        22
75.720        22
75.740        22
75.760        23
75.780        24
75.800        24
75.820        23
75.840        23
75.860        23
75.880        23
75.900        24
75.920        21
75.940        21
75.960        21
75.980        21
76.000        21
76.020        21
76.040        24
76.060        24
76.080        24
76.100        22
76.120        21
76.140        21
76.160        21
76.180        22
76.200        21
76.220        24
76.240        23
76.260        25
76.280        23
76.300        20
76.320        22
76.340        22
76.360        24
76.380        21
76.400        21
76.420        21
76.440        22
76.460        23
76.480        21
76.500        20
76.520        20
76.540        20
76.560        20
76.580        20
76.600        21
76.620        23
76.640        24
76.660        23
76.680        22
76.700        23
76.720        24
76.740        21
76.760        19
76.780        21
76.800        24
76.820        22
76.840        24
76.860        23
76.880        22
76.900        22
76.920        22
76.940        20
76.960        23
76.980        21
77.000        21
77.020        19
77.040        22
77.060        22
77.080        21
77.100        22
77.120        22
77.140        22
77.160        22
77.180        22
77.200        24
77.220        21
77.240        22
77.260        22
77.280        21
77.300        21
77.320        20
77.340        22
77.360        22
77.380        21
77.400        21
77.420        20
77.440        20
77.460        20
77.480        20
77.500        20
77.520        20
77.540        20
77.560        20
77.580        19
77.600        20
77.620        20
77.640        24
77.660        22
77.680        23
77.700        22
77.720        22
77.740        22
77.760        22
77.780        22
77.800        22
77.820        22
77.840        21
77.860        21
77.880        21
77.900        22
77.920        20
77.940        21
77.960        21
77.980        21
78.000        23
78.020        20
78.040        22
78.060        20
78.080        21
78.100        22
78.120        19
78.140        21
78.160        21
78.180        19
78.200        19
78.220        19
78.240        19
78.260        22
78.280        22
78.300        22
78.320        23
78.340        23
78.360        24
78.380        23
78.400        24
78.420        21
78.440        21
78.460        19
78.480        20
78.500        20
78.520        21
78.540        20
78.560        21
78.580        22
78.600        22
78.620        22
78.640        20
78.660        21
78.680        19
78.700        21
78.720        20
78.740        22
78.760        22
78.780        21
78.800        20
78.820        20
78.840        19
78.860        20
78.880        22
78.900        22
78.920        22
78.940        22
78.960        22
78.980        23
79.000        22
79.020        18
79.040        21
79.060        20
79.080        22
79.100        21
79.120        20
79.140        21
79.160        20
79.180        20
79.200        18
79.220        19
79.240        19
79.260        21
79.280        20
79.300        20
79.320        22
79.340        23
79.360        21
79.380        19
79.400        22
79.420        21
79.440        22
79.460        20
79.480        21
79.500        20
79.520        19
79.540        20
79.560        19
79.580        19
79.600        18
79.620        18
79.640        18
79.660        20
79.680        20
79.700        19
79.720        19
79.740        19
79.760        19
79.780        19
79.800        19
79.820        19
79.840        19
79.860        19
79.880        19
79.900        20
79.920        22
79.940        20
79.960        18
79.980        21
80.000        20
