3.020       229
3.040       229
3.060       229
3.080       232
3.100       234
3.120       234
3.140       230
3.160       234
3.180       238
3.200       238
3.220       237
3.240       237
3.260       233
3.280       226
3.300       226
3.320       226
3.340       236
3.360       236
3.380       234
3.400       232
3.420       225
3.440       226
3.460       227
3.480       226
3.500       225
3.520       224
3.540       227
3.560       230
3.580       226
3.600       218
3.620       218
3.640       218
3.660       218
3.680       218
3.700       218
3.720       219
3.740       215
3.760       211
3.780       216
3.800       216
3.820       216
3.840       218
3.860       221
3.880       213
3.900       214
3.920       214
3.940       215
3.960       216
3.980       216
4.000       209
4.020       202
4.040       208
4.060       213
4.080       212
4.100       212
4.120       208
4.140       204
4.160       202
4.180       201
4.200       200
4.220       200
4.240       200
4.260       196
4.280       192
4.300       196
4.320       200
4.340       198
4.360       195
4.380       194
4.400       194
4.420       192
4.440       191
4.460       188
4.480       184
4.500       189
4.520       191
4.540       190
4.560       188
4.580       188
4.600       184
4.620       181
4.640       181
4.660       182
4.680       184
4.700       182
4.720       181
4.740       176
4.760       170
4.780       173
4.800       176
4.820       176
4.840       175
4.860       175
4.880       175
4.900       171
4.920       170
4.940       170
4.960       170
4.980       171
5.000       170
5.020       170
5.040       169
5.060       166
5.080       164
5.100       163
5.120       160
5.140       158
5.160       158
5.180       162
5.200       165
5.220       153
5.240       153
5.260       156
5.280       158
5.300       152
5.320       151
5.340       149
5.360       147
5.380       151
5.400       150
5.420       148
5.440       152
5.460       148
5.480       143
5.500       146
5.520       148
5.540       149
5.560       150
5.580       142
5.600       142
5.620       141
5.640       141
5.660       141
5.680       138
5.700       135
5.720       134
5.740       133
5.760       134
5.780       134
5.800       134
5.820       134
5.840       135
5.860       129
5.880       124
5.900       124
5.920       128
5.940       132
5.960       132
5.980       132
6.000       125
6.020       125
6.040       124
6.060       122
6.080       120
6.100       117
6.120       118
6.140       120
6.160       121
6.180       122
6.200       122
6.220       122
6.240       119
6.260       120
6.280       121
6.300       120
6.320       114
6.340       115
6.360       115
6.380       115
6.400       114
6.420       114
6.440       114
6.460       113
6.480       112
6.500       111
6.520       108
6.540       104
6.560       106
6.580       108
6.600       108
6.620       108
6.640       107
6.660       108
6.680       107
6.700       106
6.720       104
6.740       102
6.760       103
6.780       104
6.800       102
6.820       102
6.840       101
6.860       100
6.880        99
6.900        99
6.920        98
6.940        96
6.960        95
6.980        94
7.000        96
7.020        99
7.040        93
7.060        94
7.080        95
7.100        96
7.120        95
7.140        94
7.160        93
7.180        92
7.200        93
7.220        94
7.240        90
7.260        91
7.280        92
7.300        88
7.320        85
7.340        85
7.360        85
7.380        88
7.400        86
7.420        85
7.440        84
7.460        83
7.480        85
7.500        84
7.520        84
7.540        84
7.560        84
7.580        82
7.600        80
7.620        86
7.640        83
7.660        80
7.680        82
7.700        83
7.720        81
7.740        79
7.760        77
7.780        75
7.800        73
7.820        82
7.840        80
7.860        79
7.880        80
7.900        82
7.920        81
7.940        80
7.960        79
7.980        78
8.000        76
8.020        76
8.040        76
8.060        78
8.080        78
8.100        76
8.120        75
8.140        76
8.160        77
8.180        76
8.200        76
8.220        76
8.240        75
8.260        71
8.280        72
8.300        72
8.320        72
8.340        73
8.360        72
8.380        74
8.400        72
8.420        69
8.440        71
8.460        73
8.480        72
8.500        72
8.520        72
8.540        72
8.560        72
8.580        72
8.600        72
8.620        70
8.640        68
8.660        68
8.680        68
8.700        68
8.720        68
8.740        68
8.760        68
8.780        71
8.800        70
8.820        68
8.840        67
8.860        64
8.880        62
8.900        64
8.920        64
8.940        65
8.960        62
8.980        60
9.000        62
9.020        64
9.040        64
9.060        63
9.080        62
9.100        60
9.120        64
9.140        67
9.160        64
9.180        64
9.200        63
9.220        62
9.240        62
9.260        63
9.280        67
9.300        64
9.320        62
9.340        61
9.360        62
9.380        63
9.400        66
9.420        68
9.440        62
9.460        63
9.480        62
9.500        62
9.520        62
9.540        63
9.560        64
9.580        64
9.600        63
9.620        64
9.640        64
9.660        66
9.680        67
9.700        66
9.720        66
9.740        64
9.760        61
9.780        61
9.800        60
9.820        59
9.840        60
9.860        60
9.880        60
9.900        61
9.920        62
9.940        62
9.960        60
9.980        59
10.000        59
10.020        58
10.040        57
10.060        60
10.080        59
10.100        58
10.120        57
10.140        56
10.160        56
10.180        58
10.200        60
10.220        60
10.240        60
10.260        59
10.280        60
10.300        62
10.320        60
10.340        57
10.360        58
10.380        60
10.400        58
10.420        57
10.440        57
10.460        57
10.480        59
10.500        59
10.520        60
10.540        61
10.560        60
10.580        58
10.600        59
10.620        60
10.640        59
10.660        58
10.680        58
10.700        56
10.720        56
10.740        56
10.760        56
10.780        56
10.800        58
10.820        59
10.840        60
10.860        62
10.880        59
10.900        58
10.920        58
10.940        61
10.960        60
10.980        59
11.000        59
11.020        58
11.040        56
11.060        55
11.080        58
11.100        59
11.120        60
11.140        60
11.160        60
11.180        58
11.200        55
11.220        56
11.240        57
11.260        58
11.280        58
11.300        60
11.320        60
11.340        58
11.360        57
11.380        56
11.400        56
11.420        56
11.440        57
11.460        58
11.480        58
11.500        57
11.520        55
11.540        54
11.560        55
11.580        56
11.600        56
11.620        56
11.640        56
11.660        56
11.680        57
11.700        56
11.720        55
11.740        54
11.760        56
11.780        57
11.800        59
11.820        61
11.840        59
11.860        57
11.880        58
11.900        58
11.920        58
11.940        55
11.960        55
11.980        56
12.000        54
12.020        53
12.040        56
12.060        56
12.080        56
12.100        57
12.120        55
12.140        53
12.160        54
12.180        54
12.200        53
12.220        52
12.240        51
12.260        52
12.280        54
12.300        53
12.320        52
12.340        53
12.360        54
12.380        54
12.400        54
12.420        54
12.440        54
12.460        54
12.480        54
12.500        52
12.520        50
12.540        52
12.560        53
12.580        52
12.600        50
12.620        52
12.640        52
12.660        53
12.680        52
12.700        52
12.720        52
12.740        52
12.760        51
12.780        55
12.800        54
12.820        54
12.840        55
12.860        56
12.880        56
12.900        55
12.920        53
12.940        52
12.960        52
12.980        53
13.000        51
13.020        49
13.040        49
13.060        51
13.080        52
13.100        52
13.120        52
13.140        52
13.160        55
13.180        56
13.200        56
13.220        54
13.240        54
13.260        53
13.280        53
13.300        53
13.320        54
13.340        54
13.360        54
13.380        54
13.400        54
13.420        53
13.440        52
13.460        52
13.480        55
13.500        54
13.520        53
13.540        53
13.560        53
13.580        55
13.600        53
13.620        51
13.640        54
13.660        56
13.680        56
13.700        56
13.720        55
13.740        56
13.760        57
13.780        56
13.800        54
13.820        54
13.840        54
13.860        58
13.880        55
13.900        52
13.920        54
13.940        57
13.960        57
13.980        56
14.000        56
14.020        56
14.040        56
14.060        56
14.080        56
14.100        56
14.120        56
14.140        55
14.160        54
14.180        55
14.200        56
14.220        60
14.240        60
14.260        58
14.280        56
14.300        57
14.320        57
14.340        57
14.360        57
14.380        57
14.400        57
14.420        56
14.440        58
14.460        58
14.480        57
14.500        58
14.520        60
14.540        60
14.560        60
14.580        62
14.600        62
14.620        62
14.640        62
14.660        59
14.680        61
14.700        63
14.720        59
14.740        58
14.760        60
14.780        61
14.800        57
14.820        53
14.840        55
14.860        57
14.880        56
14.900        58
14.920        59
14.940        58
14.960        58
14.980        57
15.000        58
15.020        58
15.040        59
15.060        60
15.080        60
15.100        60
15.120        59
15.140        58
15.160        57
15.180        57
15.200        57
15.220        56
15.240        56
15.260        60
15.280        60
15.300        60
15.320        60
15.340        59
15.360        57
15.380        54
15.400        55
15.420        57
15.440        58
15.460        58
15.480        57
15.500        57
15.520        57
15.540        57
15.560        58
15.580        59
15.600        58
15.620        58
15.640        58
15.660        58
15.680        57
15.700        57
15.720        57
15.740        56
15.760        54
15.780        55
15.800        56
15.820        56
15.840        55
15.860        55
15.880        56
15.900        56
15.920        55
15.940        54
15.960        54
15.980        55
16.000        58
16.020        60
16.040        59
16.060        58
16.080        56
16.100        56
16.120        55
16.140        55
16.160        59
16.180        59
16.200        59
16.220        58
16.240        58
16.260        54
16.280        54
16.300        56
16.320        56
16.340        58
16.360        58
16.380        59
16.400        60
16.420        59
16.440        58
16.460        57
16.480        56
16.500        57
16.520        56
16.540        56
16.560        57
16.580        54
16.600        52
16.620        53
16.640        54
16.660        57
16.680        56
16.700        56
16.720        56
16.740        55
16.760        59
16.780        59
16.800        59
16.820        55
16.840        55
16.860        59
16.880        58
16.900        56
16.920        58
16.940        58
16.960        60
16.980        60
17.000        55
17.020        55
17.040        57
17.060        58
17.080        58
17.100        58
17.120        57
17.140        56
17.160        56
17.180        57
17.200        58
17.220        56
17.240        54
17.260        58
17.280        58
17.300        58
17.320        61
17.340        64
17.360        60
17.380        60
17.400        60
17.420        58
17.440        58
17.460        60
17.480        62
17.500        59
17.520        58
17.540        58
17.560        59
17.580        60
17.600        61
17.620        62
17.640        62
17.660        62
17.680        61
17.700        60
17.720        63
17.740        63
17.760        63
17.780        62
17.800        62
17.820        63
17.840        64
17.860        62
17.880        61
17.900        60
17.920        60
17.940        60
17.960        61
17.980        61
18.000        61
18.020        63
18.040        65
18.060        60
18.080        61
18.100        61
18.120        61
18.140        63
18.160        62
18.180        62
18.200        63
18.220        64
18.240        63
18.260        64
18.280        64
18.300        64
18.320        64
18.340        64
18.360        62
18.380        61
18.400        62
18.420        62
18.440        63
18.460        64
18.480        64
18.500        63
18.520        66
18.540        66
18.560        65
18.580        63
18.600        66
18.620        68
18.640        68
18.660        69
18.680        68
18.700        67
18.720        66
18.740        64
18.760        62
18.780        64
18.800        67
18.820        68
18.840        68
18.860        66
18.880        65
18.900        64
18.920        66
18.940        67
18.960        67
18.980        66
19.000        66
19.020        66
19.040        68
19.060        69
19.080        69
19.100        69
19.120        67
19.140        70
19.160        72
19.180        70
19.200        69
19.220        68
19.240        69
19.260        70
19.280        68
19.300        67
19.320        66
19.340        65
19.360        68
19.380        71
19.400        71
19.420        71
19.440        72
19.460        74
19.480        71
19.500        68
19.520        68
19.540        70
19.560        72
19.580        70
19.600        68
19.620        70
19.640        70
19.660        69
19.680        70
19.700        73
19.720        73
19.740        73
19.760        72
19.780        72
19.800        72
19.820        69
19.840        70
19.860        71
19.880        73
19.900        72
19.920        72
19.940        72
19.960        72
19.980        72
20.000        72
20.020        72
20.040        73
20.060        75
20.080        77
20.100        76
20.120        78
20.140        80
20.160        78
20.180        77
20.200        75
20.220        73
20.240        74
20.260        74
20.280        74
20.300        75
20.320        78
20.340        78
20.360        74
20.380        70
20.400        72
20.420        73
20.440        74
20.460        76
20.480        75
20.500        74
20.520        76
20.540        79
20.560        78
20.580        75
20.600        75
20.620        75
20.640        77
20.660        79
20.680        80
20.700        80
20.720        79
20.740        78
20.760        79
20.780        80
20.800        80
20.820        80
20.840        80
20.860        78
20.880        75
20.900        76
20.920        78
20.940        79
20.960        78
20.980        77
21.000        78
21.020        78
21.040        78
21.060        78
21.080        78
21.100        79
21.120        78
21.140        78
21.160        80
21.180        80
21.200        78
21.220        76
21.240        76
21.260        77
21.280        80
21.300        80
21.320        79
21.340        78
21.360        78
21.380        79
21.400        78
21.420        79
21.440        78
21.460        77
21.480        76
21.500        76
21.520        76
21.540        76
21.560        79
21.580        79
21.600        80
21.620        81
21.640        81
21.660        82
21.680        82
21.700        82
21.720        83
21.740        84
21.760        81
21.780        78
21.800        80
21.820        80
21.840        79
21.860        78
21.880        79
21.900        80
21.920        80
21.940        81
21.960        82
21.980        80
22.000        78
22.020        79
22.040        80
22.060        82
22.080        83
22.100        84
22.120        86
22.140        81
22.160        82
22.180        84
22.200        84
22.220        84
22.240        84
22.260        83
22.280        81
22.300        79
22.320        80
22.340        80
22.360        79
22.380        80
22.400        84
22.420        84
22.440        84
22.460        84
22.480        84
22.500        83
22.520        82
22.540        84
22.560        85
22.580        86
22.600        86
22.620        86
22.640        88
22.660        89
22.680        88
22.700        86
22.720        86
22.740        87
22.760        87
22.780        88
22.800        88
22.820        88
22.840        88
22.860        90
22.880        88
22.900        85
22.920        85
22.940        86
22.960        88
22.980        86
23.000        84
23.020        84
23.040        84
23.060        88
23.080        88
23.100        87
23.120        86
23.140        88
23.160        90
23.180        92
23.200        93
23.220        93
23.240        92
23.260        92
23.280        92
23.300        92
23.320        92
23.340        92
23.360        92
23.380        92
23.400        92
23.420        92
23.440        93
23.460        97
23.480        98
23.500       100
23.520        98
23.540        97
23.560        96
23.580        94
23.600        98
23.620        99
23.640       100
23.660       101
23.680       102
23.700       102
23.720       101
23.740       100
23.760       101
23.780       101
23.800       103
23.820       105
23.840       108
23.860       111
23.880       110
23.900       108
23.920       111
23.940       110
23.960       108
23.980       108
24.000       111
24.020       114
24.040       113
24.060       112
24.080       112
24.100       111
24.120       110
24.140       110
24.160       117
24.180       118
24.200       119
24.220       120
24.240       120
24.260       120
24.280       120
24.300       128
24.320       128
24.340       129
24.360       134
24.380       134
24.400       134
24.420       143
24.440       142
24.460       140
24.480       141
24.500       141
24.520       144
24.540       146
24.560       148
24.580       150
24.600       154
24.620       160
24.640       161
24.660       162
24.680       164
24.700       168
24.720       172
24.740       174
24.760       177
24.780       182
24.800       186
24.820       192
24.840       192
24.860       191
24.880       202
24.900       202
24.920       203
24.940       204
24.960       215
24.980       214
25.000       213
25.020       220
25.040       227
25.060       240
25.080       240
25.100       240
25.120       250
25.140       250
25.160       250
25.180       252
25.200       252
25.220       253
25.240       254
25.260       255
25.280       260
25.300       256
25.320       253
25.340       252
25.360       255
25.380       258
25.400       256
25.420       256
25.440       255
25.460       252
25.480       248
25.500       248
25.520       238
25.540       234
25.560       228
25.580       222
25.600       218
25.620       213
25.640       208
25.660       203
25.680       203
25.700       197
25.720       194
25.740       188
25.760       182
25.780       182
25.800       176
25.820       176
25.840       176
25.860       160
25.880       160
25.900       151
25.920       150
25.940       150
25.960       150
25.980       149
26.000       147
26.020       143
26.040       136
26.060       136
26.080       136
26.100       131
26.120       130
26.140       129
26.160       126
26.180       124
26.200       123
26.220       121
26.240       119
26.260       118
26.280       117
26.300       116
26.320       115
26.340       115
26.360       109
26.380       110
26.400       111
26.420       112
26.440       108
26.460       105
26.480       104
26.500       102
26.520       101
26.540       104
26.560       107
26.580       103
26.600        99
26.620       102
26.640       102
26.660        96
26.680        96
26.700        96
26.720        94
26.740        94
26.760        93
26.780        96
26.800        96
26.820        94
26.840        91
26.860        90
26.880        90
26.900        92
26.920        93
26.940        90
26.960        88
26.980        87
27.000        87
27.020        91
27.040        91
27.060        90
27.080        88
27.100        88
27.120        88
27.140        86
27.160        84
27.180        81
27.200        78
27.220        78
27.240        78
27.260        78
27.280        79
27.300        79
27.320        78
27.340        82
27.360        82
27.380        82
27.400        80
27.420        79
27.440        80
27.460        81
27.480        81
27.500        81
27.520        80
27.540        75
27.560        75
27.580        77
27.600        76
27.620        75
27.640        75
27.660        75
27.680        76
27.700        75
27.720        74
27.740        74
27.760        74
27.780        74
27.800        75
27.820        74
27.840        74
27.860        76
27.880        76
27.900        76
27.920        76
27.940        73
27.960        73
27.980        73
28.000        74
28.020        74
28.040        74
28.060        74
28.080        74
28.100        73
28.120        73
28.140        73
28.160        72
28.180        73
28.200        74
28.220        73
28.240        73
28.260        72
28.280        72
28.300        72
28.320        71
28.340        70
28.360        71
28.380        74
28.400        77
28.420        73
28.440        74
28.460        75
28.480        74
28.500        74
28.520        74
28.540        72
28.560        70
28.580        70
28.600        71
28.620        72
28.640        73
28.660        74
28.680        73
28.700        72
28.720        74
28.740        74
28.760        72
28.780        71
28.800        72
28.820        72
28.840        71
28.860        70
28.880        73
28.900        73
28.920        74
28.940        74
28.960        70
28.980        70
29.000        72
29.020        74
29.040        72
29.060        73
29.080        74
29.100        73
29.120        68
29.140        67
29.160        66
29.180        71
29.200        70
29.220        70
29.240        70
29.260        69
29.280        70
29.300        70
29.320        70
29.340        69
29.360        64
29.380        64
29.400        64
29.420        66
29.440        66
29.460        65
29.480        66
29.500        66
29.520        66
29.540        66
29.560        65
29.580        64
29.600        63
29.620        62
29.640        62
29.660        62
29.680        63
29.700        62
29.720        61
29.740        62
29.760        63
29.780        62
29.800        61
29.820        64
29.840        64
29.860        63
29.880        62
29.900        61
29.920        62
29.940        63
29.960        62
29.980        62
30.000        63
30.020        64
30.040        61
30.060        60
30.080        58
30.100        60
30.120        60
30.140        59
30.160        58
30.180        58
30.200        58
30.220        57
30.240        56
30.260        58
30.280        59
30.300        58
30.320        58
30.340        58
30.360        58
30.380        57
30.400        57
30.420        56
30.440        55
30.460        54
30.480        53
30.500        53
30.520        53
30.540        54
30.560        54
30.580        54
30.600        54
30.620        54
30.640        53
30.660        52
30.680        53
30.700        53
30.720        52
30.740        51
30.760        50
30.780        50
30.800        49
30.820        50
30.840        52
30.860        51
30.880        52
30.900        51
30.920        50
30.940        50
30.960        49
30.980        50
31.000        50
31.020        50
31.040        49
31.060        48
31.080        48
31.100        48
31.120        48
31.140        48
31.160        48
31.180        49
31.200        50
31.220        51
31.240        51
31.260        49
31.280        47
31.300        46
31.320        46
31.340        46
31.360        46
31.380        45
31.400        46
31.420        46
31.440        45
31.460        46
31.480        46
31.500        46
31.520        46
31.540        45
31.560        46
31.580        48
31.600        48
31.620        48
31.640        47
31.660        46
31.680        46
31.700        46
31.720        45
31.740        45
31.760        46
31.780        46
31.800        44
31.820        44
31.840        44
31.860        44
31.880        45
31.900        46
31.920        46
31.940        48
31.960        50
31.980        42
32.000        43
32.020        44
32.040        45
32.060        44
32.080        45
32.100        45
32.120        45
32.140        46
32.160        46
32.180        46
32.200        46
32.220        46
32.240        46
32.260        44
32.280        43
32.300        44
32.320        46
32.340        44
32.360        42
32.380        43
32.400        44
32.420        45
32.440        46
32.460        46
32.480        46
32.500        46
32.520        45
32.540        44
32.560        44
32.580        44
32.600        44
32.620        45
32.640        46
32.660        46
32.680        46
32.700        45
32.720        42
32.740        41
32.760        42
32.780        44
32.800        46
32.820        46
32.840        46
32.860        45
32.880        45
32.900        44
32.920        43
32.940        44
32.960        43
32.980        42
33.000        42
33.020        41
33.040        44
33.060        46
33.080        46
33.100        45
33.120        45
33.140        45
33.160        45
33.180        45
33.200        44
33.220        44
33.240        44
33.260        44
33.280        43
33.300        42
33.320        42
33.340        44
33.360        44
33.380        43
33.400        42
33.420        43
33.440        43
33.460        43
33.480        43
33.500        44
33.520        44
33.540        42
33.560        42
33.580        43
33.600        43
33.620        43
33.640        42
33.660        42
33.680        42
33.700        41
33.720        42
33.740        40
33.760        39
33.780        42
33.800        44
33.820        45
33.840        40
33.860        39
33.880        40
33.900        40
33.920        40
33.940        39
33.960        38
33.980        40
34.000        40
34.020        40
34.040        39
34.060        39
34.080        39
34.100        40
34.120        41
34.140        41
34.160        41
34.180        41
34.200        41
34.220        42
34.240        42
34.260        37
34.280        37
34.300        39
34.320        41
34.340        40
34.360        39
34.380        38
34.400        38
34.420        38
34.440        38
34.460        36
34.480        33
34.500        36
34.520        36
34.540        38
34.560        38
34.580        38
34.600        38
34.620        39
34.640        39
34.660        40
34.680        40
34.700        40
34.720        40
34.740        40
34.760        40
34.780        34
34.800        34
34.820        36
34.840        37
34.860        37
34.880        38
34.900        38
34.920        38
34.940        39
34.960        39
34.980        38
35.000        38
35.020        39
35.040        37
35.060        37
35.080        38
35.100        38
35.120        37
35.140        37
35.160        37
35.180        37
35.200        36
35.220        37
35.240        38
35.260        36
35.280        37
35.300        38
35.320        38
35.340        39
35.360        40
35.380        40
35.400        38
35.420        38
35.440        38
35.460        38
35.480        38
35.500        38
35.520        38
35.540        37
35.560        38
35.580        39
35.600        38
35.620        38
35.640        40
35.660        42
35.680        42
35.700        38
35.720        39
35.740        40
35.760        40
35.780        40
35.800        42
35.820        43
35.840        41
35.860        40
35.880        41
35.900        41
35.920        41
35.940        41
35.960        42
35.980        42
36.000        42
36.020        41
36.040        41
36.060        43
36.080        42
36.100        40
36.120        40
36.140        41
36.160        42
36.180        44
36.200        44
36.220        43
36.240        42
36.260        43
36.280        43
36.300        42
36.320        40
36.340        41
36.360        42
36.380        46
36.400        46
36.420        46
36.440        45
36.460        45
36.480        45
36.500        43
36.520        44
36.540        44
36.560        43
36.580        47
36.600        47
36.620        46
36.640        46
36.660        47
36.680        47
36.700        47
36.720        47
36.740        46
36.760        47
36.780        48
36.800        47
36.820        47
36.840        50
36.860        50
36.880        50
36.900        50
36.920        50
36.940        50
36.960        50
36.980        52
37.000        54
37.020        54
37.040        52
37.060        51
37.080        55
37.100        55
37.120        55
37.140        53
37.160        52
37.180        52
37.200        55
37.220        54
37.240        54
37.260        54
37.280        55
37.300        58
37.320        62
37.340        61
37.360        60
37.380        59
37.400        59
37.420        59
37.440        58
37.460        57
37.480        57
37.500        61
37.520        62
37.540        62
37.560        62
37.580        62
37.600        62
37.620        64
37.640        65
37.660        64
37.680        63
37.700        65
37.720        67
37.740        67
37.760        70
37.780        72
37.800        71
37.820        67
37.840        68
37.860        75
37.880        72
37.900        70
37.920        72
37.940        73
37.960        70
37.980        70
38.000        73
38.020        76
38.040        77
38.060        74
38.080        71
38.100        75
38.120        74
38.140        73
38.160        77
38.180        74
38.200        72
38.220        73
38.240        74
38.260        74
38.280        73
38.300        72
38.320        70
38.340        69
38.360        68
38.380        67
38.400        66
38.420        65
38.440        65
38.460        64
38.480        62
38.500        62
38.520        61
38.540        60
38.560        59
38.580        58
38.600        58
38.620        53
38.640        52
38.660        58
38.680        58
38.700        57
38.720        51
38.740        52
38.760        52
38.780        50
38.800        48
38.820        48
38.840        48
38.860        47
38.880        46
38.900        44
38.920        43
38.940        46
38.960        44
38.980        42
39.000        42
39.020        42
39.040        42
39.060        41
39.080        41
39.100        41
39.120        40
39.140        42
39.160        42
39.180        42
39.200        42
39.220        41
39.240        41
39.260        41
39.280        40
39.300        40
39.320        40
39.340        40
39.360        40
39.380        39
39.400        38
39.420        40
39.440        41
39.460        38
39.480        36
39.500        37
39.520        40
39.540        40
39.560        35
39.580        33
39.600        33
39.620        33
39.640        34
39.660        36
39.680        34
39.700        34
39.720        33
39.740        34
39.760        34
39.780        34
39.800        34
39.820        34
39.840        34
39.860        34
39.880        33
39.900        32
39.920        31
39.940        32
39.960        32
39.980        32
40.000        33
40.020        32
40.040        32
40.060        32
40.080        32
40.100        31
40.120        30
40.140        31
40.160        32
40.180        31
40.200        32
40.220        33
40.240        32
40.260        34
40.280        34
40.300        32
40.320        32
40.340        33
40.360        34
40.380        32
40.400        30
40.420        30
40.440        29
40.460        30
40.480        30
40.500        30
40.520        31
40.540        31
40.560        31
40.580        32
40.600        32
40.620        29
40.640        30
40.660        30
40.680        32
40.700        32
40.720        32
40.740        31
40.760        30
40.780        32
40.800        33
40.820        33
40.840        33
40.860        32
40.880        32
40.900        32
40.920        31
40.940        30
40.960        30
40.980        29
41.000        28
41.020        28
41.040        27
41.060        26
41.080        29
41.100        29
41.120        29
41.140        29
41.160        29
41.180        28
41.200        31
41.220        31
41.240        32
41.260        32
41.280        32
41.300        31
41.320        30
41.340        29
41.360        28
41.380        28
41.400        28
41.420        28
41.440        28
41.460        27
41.480        29
41.500        29
41.520        29
41.540        30
41.560        30
41.580        30
41.600        30
41.620        30
41.640        30
41.660        29
41.680        28
41.700        29
41.720        29
41.740        29
41.760        29
41.780        29
41.800        29
41.820        31
41.840        31
41.860        29
41.880        29
41.900        30
41.920        30
41.940        30
41.960        30
41.980        30
42.000        30
42.020        29
42.040        28
42.060        29
42.080        28
42.100        28
42.120        27
42.140        26
42.160        30
42.180        31
42.200        30
42.220        29
42.240        28
42.260        28
42.280        28
42.300        28
42.320        27
42.340        27
42.360        29
42.380        30
42.400        30
42.420        30
42.440        29
42.460        28
42.480        28
42.500        28
42.520        29
42.540        28
42.560        29
42.580        30
42.600        32
42.620        34
42.640        30
42.660        30
42.680        29
42.700        29
42.720        29
42.740        28
42.760        28
42.780        29
42.800        33
42.820        33
42.840        31
42.860        30
42.880        28
42.900        27
42.920        29
42.940        31
42.960        32
42.980        32
43.000        32
43.020        33
43.040        34
43.060        34
43.080        32
43.100        30
43.120        34
43.140        34
43.160        33
43.180        34
43.200        34
43.220        35
43.240        34
43.260        33
43.280        33
43.300        36
43.320        36
43.340        35
43.360        34
43.380        33
43.400        34
43.420        35
43.440        34
43.460        33
43.480        33
43.500        33
43.520        34
43.540        34
43.560        36
43.580        37
43.600        38
43.620        39
43.640        38
43.660        37
43.680        37
43.700        37
43.720        37
43.740        37
43.760        37
43.780        35
43.800        34
43.820        34
43.840        36
43.860        37
43.880        37
43.900        39
43.920        37
43.940        35
43.960        35
43.980        35
44.000        36
44.020        36
44.040        36
44.060        37
44.080        38
44.100        38
44.120        36
44.140        37
44.160        38
44.180        38
44.200        38
44.220        39
44.240        38
44.260        36
44.280        36
44.300        37
44.320        37
44.340        37
44.360        38
44.380        39
44.400        40
44.420        40
44.440        40
44.460        41
44.480        40
44.500        38
44.520        36
44.540        38
44.560        38
44.580        37
44.600        38
44.620        38
44.640        37
44.660        37
44.680        37
44.700        37
44.720        37
44.740        38
44.760        38
44.780        38
44.800        38
44.820        38
44.840        38
44.860        38
44.880        38
44.900        37
44.920        37
44.940        38
44.960        39
44.980        38
45.000        38
45.020        38
45.040        40
45.060        40
45.080        38
45.100        38
45.120        39
45.140        38
45.160        38
45.180        38
45.200        38
45.220        38
45.240        37
45.260        37
45.280        39
45.300        38
45.320        36
45.340        36
45.360        37
45.380        37
45.400        37
45.420        38
45.440        38
45.460        37
45.480        35
45.500        33
45.520        34
45.540        36
45.560        38
45.580        38
45.600        38
45.620        37
45.640        36
45.660        36
45.680        36
45.700        35
45.720        33
45.740        34
45.760        36
45.780        36
45.800        34
45.820        33
45.840        37
45.860        36
45.880        35
45.900        36
45.920        38
45.940        38
45.960        36
45.980        37
46.000        36
46.020        36
46.040        36
46.060        36
46.080        38
46.100        38
46.120        38
46.140        37
46.160        38
46.180        38
46.200        38
46.220        38
46.240        40
46.260        39
46.280        38
46.300        38
46.320        38
46.340        38
46.360        40
46.380        42
46.400        43
46.420        44
46.440        42
46.460        41
46.480        41
46.500        41
46.520        42
46.540        42
46.560        40
46.580        38
46.600        39
46.620        40
46.640        42
46.660        43
46.680        44
46.700        46
46.720        48
46.740        48
46.760        49
46.780        49
46.800        49
46.820        48
46.840        49
46.860        50
46.880        50
46.900        50
46.920        49
46.940        52
46.960        54
46.980        54
47.000        52
47.020        54
47.040        56
47.060        54
47.080        53
47.100        56
47.120        57
47.140        57
47.160        57
47.180        58
47.200        60
47.220        64
47.240        64
47.260        63
47.280        62
47.300        62
47.320        63
47.340        68
47.360        68
47.380        69
47.400        69
47.420        70
47.440        72
47.460        74
47.480        76
47.500        78
47.520        77
47.540        76
47.560        76
47.580        80
47.600        85
47.620        83
47.640        80
47.660        79
47.680        80
47.700        80
47.720        79
47.740        83
47.760        87
47.780        86
47.800        85
47.820        86
47.840        86
47.860        85
47.880        84
47.900        84
47.920        85
47.940        85
47.960        85
47.980        86
48.000        87
48.020        87
48.040        86
48.060        84
48.080        81
48.100        81
48.120        81
48.140        81
48.160        81
48.180        82
48.200        84
48.220        79
48.240        79
48.260        77
48.280        75
48.300        73
48.320        73
48.340        72
48.360        70
48.380        69
48.400        68
48.420        67
48.440        69
48.460        71
48.480        68
48.500        64
48.520        64
48.540        65
48.560        65
48.580        64
48.600        62
48.620        60
48.640        58
48.660        58
48.680        59
48.700        59
48.720        59
48.740        57
48.760        55
48.780        52
48.800        50
48.820        52
48.840        53
48.860        53
48.880        53
48.900        53
48.920        53
48.940        52
48.960        52
48.980        51
49.000        51
49.020        51
49.040        50
49.060        50
49.080        50
49.100        50
49.120        49
49.140        48
49.160        46
49.180        47
49.200        51
49.220        51
49.240        45
49.260        44
49.280        42
49.300        42
49.320        43
49.340        44
49.360        43
49.380        42
49.400        43
49.420        44
49.440        44
49.460        43
49.480        42
49.500        42
49.520        41
49.540        41
49.560        41
49.580        42
49.600        43
49.620        43
49.640        42
49.660        42
49.680        42
49.700        41
49.720        40
49.740        40
49.760        40
49.780        41
49.800        42
49.820        37
49.840        37
49.860        38
49.880        38
49.900        38
49.920        37
49.940        36
49.960        35
49.980        37
50.000        39
50.020        38
50.040        36
50.060        37
50.080        37
50.100        37
50.120        36
50.140        36
50.160        35
50.180        38
50.200        38
50.220        38
50.240        39
50.260        40
50.280        34
50.300        34
50.320        33
50.340        33
50.360        36
50.380        36
50.400        35
50.420        36
50.440        36
50.460        36
50.480        36
50.500        36
50.520        36
50.540        36
50.560        35
50.580        36
50.600        36
50.620        36
50.640        36
50.660        35
50.680        34
50.700        34
50.720        34
50.740        35
50.760        36
50.780        36
50.800        35
50.820        34
50.840        34
50.860        34
50.880        34
50.900        35
50.920        36
50.940        36
50.960        36
50.980        33
51.000        34
51.020        33
51.040        32
51.060        34
51.080        35
51.100        34
51.120        34
51.140        33
51.160        34
51.180        34
51.200        33
51.220        34
51.240        34
51.260        33
51.280        34
51.300        35
51.320        35
51.340        34
51.360        34
51.380        34
51.400        34
51.420        36
51.440        34
51.460        32
51.480        33
51.500        35
51.520        35
51.540        32
51.560        32
51.580        33
51.600        34
51.620        33
51.640        33
51.660        32
51.680        32
51.700        31
51.720        32
51.740        34
51.760        35
51.780        37
51.800        37
51.820        35
51.840        36
51.860        34
51.880        33
51.900        34
51.920        34
51.940        33
51.960        34
51.980        36
52.000        34
52.020        33
52.040        34
52.060        34
52.080        34
52.100        35
52.120        38
52.140        36
52.160        34
52.180        34
52.200        35
52.220        34
52.240        34
52.260        36
52.280        37
52.300        34
52.320        32
52.340        36
52.360        37
52.380        38
52.400        38
52.420        37
52.440        36
52.460        36
52.480        36
52.500        35
52.520        37
52.540        38
52.560        38
52.580        38
52.600        37
52.620        36
52.640        36
52.660        37
52.680        38
52.700        38
52.720        40
52.740        40
52.760        40
52.780        40
52.800        40
52.820        38
52.840        37
52.860        40
52.880        42
52.900        42
52.920        40
52.940        38
52.960        41
52.980        44
53.000        44
53.020        44
53.040        43
53.060        42
53.080        45
53.100        45
53.120        44
53.140        42
53.160        44
53.180        47
53.200        46
53.220        45
53.240        45
53.260        46
53.280        46
53.300        49
53.320        48
53.340        48
53.360        48
53.380        49
53.400        50
53.420        51
53.440        50
53.460        48
53.480        50
53.500        56
53.520        56
53.540        56
53.560        56
53.580        56
53.600        56
53.620        55
53.640        54
53.660        53
53.680        57
53.700        57
53.720        57
53.740        58
53.760        61
53.780        62
53.800        62
53.820        63
53.840        63
53.860        62
53.880        60
53.900        61
53.920        62
53.940        63
53.960        66
53.980        68
54.000        68
54.020        68
54.040        68
54.060        68
54.080        68
54.100        68
54.120        67
54.140        72
54.160        72
54.180        73
54.200        74
54.220        70
54.240        70
54.260        71
54.280        73
54.300        73
54.320        72
54.340        72
54.360        70
54.380        70
54.400        71
54.420        72
54.440        70
54.460        69
54.480        73
54.500        74
54.520        74
54.540        74
54.560        74
54.580        69
54.600        68
54.620        68
54.640        71
54.660        72
54.680        72
54.700        72
54.720        73
54.740        72
54.760        71
54.780        70
54.800        70
54.820        70
54.840        69
54.860        70
54.880        72
54.900        71
54.920        70
54.940        70
54.960        68
54.980        67
55.000        67
55.020        67
55.040        66
55.060        65
55.080        64
55.100        62
55.120        62
55.140        62
55.160        60
55.180        60
55.200        60
55.220        57
55.240        56
55.260        56
55.280        56
55.300        55
55.320        56
55.340        57
55.360        57
55.380        57
55.400        57
55.420        57
55.440        55
55.460        53
55.480        48
55.500        48
55.520        48
55.540        48
55.560        47
55.580        48
55.600        50
55.620        50
55.640        47
55.660        42
55.680        42
55.700        46
55.720        45
55.740        44
55.760        45
55.780        46
55.800        44
55.820        42
55.840        40
55.860        39
55.880        38
55.900        38
55.920        41
55.940        42
55.960        42
55.980        42
56.000        42
56.020        43
56.040        44
56.060        39
56.080        38
56.100        38
56.120        38
56.140        38
56.160        37
56.180        37
56.200        37
56.220        40
56.240        40
56.260        38
56.280        38
56.300        38
56.320        40
56.340        40
56.360        40
56.380        39
56.400        36
56.420        36
56.440        35
56.460        36
56.480        36
56.500        36
56.520        37
56.540        38
56.560        36
56.580        36
56.600        36
56.620        35
56.640        37
56.660        38
56.680        38
56.700        38
56.720        38
56.740        38
56.760        34
56.780        34
56.800        34
56.820        34
56.840        35
56.860        34
56.880        33
56.900        34
56.920        34
56.940        34
56.960        33
56.980        33
57.000        35
57.020        36
57.040        36
57.060        36
57.080        33
57.100        36
57.120        38
57.140        36
57.160        34
57.180        34
57.200        34
57.220        35
57.240        34
57.260        34
57.280        35
57.300        35
57.320        35
57.340        36
57.360        36
57.380        36
57.400        36
57.420        36
57.440        36
57.460        36
57.480        36
57.500        35
57.520        34
57.540        35
57.560        36
57.580        36
57.600        36
57.620        34
57.640        33
57.660        35
57.680        34
57.700        34
57.720        35
57.740        36
57.760        36
57.780        37
57.800        36
57.820        36
57.840        35
57.860        35
57.880        35
57.900        34
57.920        32
57.940        34
57.960        36
57.980        33
58.000        34
58.020        36
58.040        34
58.060        33
58.080        34
58.100        35
58.120        34
58.140        33
58.160        36
58.180        36
58.200        36
58.220        34
58.240        34
58.260        34
58.280        34
58.300        34
58.320        35
58.340        34
58.360        34
58.380        34
58.400        32
58.420        31
58.440        31
58.460        36
58.480        36
58.500        35
58.520        33
58.540        31
58.560        32
58.580        32
58.600        33
58.620        33
58.640        34
58.660        34
58.680        34
58.700        34
58.720        35
58.740        35
58.760        34
58.780        33
58.800        31
58.820        32
58.840        34
58.860        35
58.880        34
58.900        34
58.920        34
58.940        32
58.960        30
58.980        30
59.000        32
59.020        34
59.040        34
59.060        34
59.080        35
59.100        35
59.120        30
59.140        30
59.160        32
59.180        36
59.200        33
59.220        30
59.240        30
59.260        32
59.280        34
59.300        32
59.320        32
59.340        32
59.360        32
59.380        32
59.400        32
59.420        32
59.440        32
59.460        32
59.480        31
59.500        33
59.520        35
59.540        34
59.560        33
59.580        32
59.600        32
59.620        31
59.640        31
59.660        31
59.680        31
59.700        30
59.720        30
59.740        32
59.760        32
59.780        32
59.800        28
59.820        29
59.840        29
59.860        31
59.880        32
59.900        33
59.920        33
59.940        33
59.960        30
59.980        31
60.000        32
60.020        32
60.040        30
60.060        30
60.080        30
60.100        32
60.120        32
60.140        32
60.160        33
60.180        32
60.200        34
60.220        35
60.240        31
60.260        30
60.280        31
60.300        30
60.320        29
60.340        30
60.360        30
60.380        33
60.400        33
60.420        33
60.440        33
60.460        31
60.480        32
60.500        32
60.520        31
60.540        31
60.560        31
60.580        32
60.600        33
60.620        34
60.640        35
60.660        34
60.680        34
60.700        33
60.720        32
60.740        33
60.760        33
60.780        33
60.800        33
60.820        30
60.840        30
60.860        31
60.880        31
60.900        31
60.920        32
60.940        34
60.960        35
60.980        34
61.000        34
61.020        34
61.040        34
61.060        34
61.080        35
61.100        35
61.120        35
61.140        35
61.160        33
61.180        34
61.200        35
61.220        35
61.240        34
61.260        33
61.280        32
61.300        36
61.320        36
61.340        36
61.360        36
61.380        36
61.400        36
61.420        38
61.440        38
61.460        38
61.480        38
61.500        36
61.520        35
61.540        40
61.560        40
61.580        40
61.600        39
61.620        39
61.640        39
61.660        40
61.680        40
61.700        40
61.720        40
61.740        41
61.760        42
61.780        42
61.800        42
61.820        41
61.840        40
61.860        40
61.880        40
61.900        39
61.920        39
61.940        39
61.960        42
61.980        43
62.000        44
62.020        44
62.040        43
62.060        42
62.080        42
62.100        44
62.120        45
62.140        46
62.160        49
62.180        46
62.200        44
62.220        45
62.240        46
62.260        46
62.280        46
62.300        47
62.320        51
62.340        49
62.360        47
62.380        50
62.400        54
62.420        51
62.440        48
62.460        51
62.480        52
62.500        53
62.520        52
62.540        51
62.560        52
62.580        52
62.600        51
62.620        51
62.640        50
62.660        51
62.680        50
62.700        49
62.720        51
62.740        54
62.760        50
62.780        47
62.800        45
62.820        43
62.840        46
62.860        49
62.880        46
62.900        44
62.920        46
62.940        48
62.960        48
62.980        52
63.000        49
63.020        46
63.040        46
63.060        46
63.080        45
63.100        44
63.120        44
63.140        44
63.160        45
63.180        44
63.200        42
63.220        45
63.240        44
63.260        42
63.280        42
63.300        42
63.320        43
63.340        43
63.360        41
63.380        39
63.400        39
63.420        39
63.440        39
63.460        39
63.480        40
63.500        40
63.520        38
63.540        37
63.560        37
63.580        36
63.600        35
63.620        38
63.640        39
63.660        40
63.680        33
63.700        34
63.720        37
63.740        36
63.760        35
63.780        33
63.800        32
63.820        34
63.840        34
63.860        34
63.880        34
63.900        35
63.920        36
63.940        35
63.960        35
63.980        34
64.000        33
64.020        31
64.040        30
64.060        32
64.080        32
64.100        33
64.120        33
64.140        31
64.160        29
64.180        31
64.200        31
64.220        32
64.240        34
64.260        31
64.280        30
64.300        30
64.320        30
64.340        30
64.360        30
64.380        31
64.400        30
64.420        30
64.440        30
64.460        30
64.480        29
64.500        28
64.520        28
64.540        28
64.560        27
64.580        30
64.600        30
64.620        30
64.640        30
64.660        29
64.680        29
64.700        28
64.720        26
64.740        31
64.760        31
64.780        30
64.800        30
64.820        31
64.840        31
64.860        31
64.880        29
64.900        28
64.920        29
64.940        30
64.960        28
64.980        28
65.000        28
65.020        29
65.040        29
65.060        29
65.080        28
65.100        28
65.120        26
65.140        24
65.160        25
65.180        26
65.200        28
65.220        25
65.240        26
65.260        27
65.280        27
65.300        26
65.320        26
65.340        26
65.360        27
65.380        26
65.400        25
65.420        27
65.440        26
65.460        24
65.480        25
65.500        26
65.520        25
65.540        25
65.560        27
65.580        27
65.600        27
65.620        28
65.640        28
65.660        27
65.680        26
65.700        28
65.720        28
65.740        27
65.760        28
65.780        28
65.800        28
65.820        28
65.840        28
65.860        27
65.880        25
65.900        24
65.920        24
65.940        24
65.960        24
65.980        24
66.000        24
66.020        26
66.040        26
66.060        26
66.080        26
66.100        27
66.120        28
66.140        28
66.160        27
66.180        26
66.200        27
66.220        28
66.240        28
66.260        27
66.280        26
66.300        26
66.320        26
66.340        26
66.360        26
66.380        26
66.400        26
66.420        27
66.440        26
66.460        26
66.480        25
66.500        26
66.520        28
66.540        28
66.560        28
66.580        28
66.600        27
66.620        25
66.640        23
66.660        26
66.680        27
66.700        28
66.720        27
66.740        28
66.760        28
66.780        27
66.800        26
66.820        26
66.840        27
66.860        28
66.880        28
66.900        29
66.920        29
66.940        28
66.960        28
66.980        28
67.000        28
67.020        28
67.040        28
67.060        28
67.080        28
67.100        28
67.120        28
67.140        28
67.160        28
67.180        27
67.200        27
67.220        27
67.240        29
67.260        29
67.280        28
67.300        28
67.320        27
67.340        26
67.360        27
67.380        28
67.400        28
67.420        27
67.440        26
67.460        26
67.480        27
67.500        28
67.520        28
67.540        27
67.560        26
67.580        28
67.600        28
67.620        30
67.640        29
67.660        28
67.680        28
67.700        30
67.720        31
67.740        30
67.760        29
67.780        29
67.800        29
67.820        28
67.840        30
67.860        31
67.880        30
67.900        28
67.920        28
67.940        29
67.960        28
67.980        28
68.000        28
68.020        28
68.040        31
68.060        30
68.080        29
68.100        30
68.120        30
68.140        28
68.160        28
68.180        28
68.200        29
68.220        30
68.240        29
68.260        28
68.280        27
68.300        30
68.320        30
68.340        30
68.360        30
68.380        30
68.400        29
68.420        29
68.440        29
68.460        29
68.480        30
68.500        30
68.520        29
68.540        33
68.560        33
68.580        32
68.600        32
68.620        33
68.640        33
68.660        33
68.680        34
68.700        34
68.720        34
68.740        33
68.760        32
68.780        32
68.800        32
68.820        32
68.840        32
68.860        32
68.880        32
68.900        32
68.920        32
68.940        31
68.960        31
68.980        31
69.000        34
69.020        34
69.040        34
69.060        31
69.080        34
69.100        37
69.120        36
69.140        34
69.160        32
69.180        31
69.200        32
69.220        33
69.240        33
69.260        32
69.280        31
69.300        32
69.320        33
69.340        32
69.360        31
69.380        32
69.400        33
69.420        34
69.440        34
69.460        34
69.480        33
69.500        34
69.520        34
69.540        34
69.560        34
69.580        34
69.600        33
69.620        32
69.640        31
69.660        30
69.680        32
69.700        34
69.720        34
69.740        33
69.760        33
69.780        34
69.800        36
69.820        34
69.840        34
69.860        34
69.880        32
69.900        30
69.920        31
69.940        32
69.960        32
69.980        32
70.000        32
70.020        33
70.040        31
70.060        29
70.080        30
70.100        33
70.120        34
70.140        32
70.160        30
70.180        32
70.200        33
70.220        32
70.240        31
70.260        30
70.280        31
70.300        32
70.320        32
70.340        31
70.360        30
70.380        29
70.400        30
70.420        30
70.440        30
70.460        31
70.480        32
70.500        30
70.520        30
70.540        30
70.560        30
70.580        30
70.600        30
70.620        29
70.640        30
70.660        30
70.680        30
70.700        30
70.720        30
70.740        29
70.760        30
70.780        30
70.800        30
70.820        29
70.840        30
70.860        30
70.880        28
70.900        24
70.920        25
70.940        24
70.960        24
70.980        26
71.000        28
71.020        26
71.040        25
71.060        24
71.080        24
71.100        24
71.120        25
71.140        27
71.160        27
71.180        27
71.200        26
71.220        26
71.240        24
71.260        24
71.280        23
71.300        22
71.320        25
71.340        24
71.360        24
71.380        24
71.400        24
71.420        24
71.440        25
71.460        25
71.480        25
71.500        25
71.520        23
71.540        24
71.560        25
71.580        24
71.600        22
71.620        22
71.640        23
71.660        24
71.680        24
71.700        24
71.720        25
71.740        25
71.760        25
71.780        24
71.800        24
71.820        24
71.840        24
71.860        24
71.880        23
71.900        23
71.920        23
71.940        25
71.960        25
71.980        24
72.000        24
72.020        24
72.040        24
72.060        25
72.080        24
72.100        24
72.120        24
72.140        24
72.160        20
72.180        21
72.200        24
72.220        24
72.240        24
72.260        24
72.280        22
72.300        22
72.320        23
72.340        24
72.360        23
72.380        24
72.400        24
72.420        24
72.440        24
72.460        24
72.480        23
72.500        24
72.520        23
72.540        22
72.560        22
72.580        22
72.600        21
72.620        20
72.640        22
72.660        22
72.680        23
72.700        23
72.720        23
72.740        22
72.760        22
72.780        22
72.800        21
72.820        22
72.840        22
72.860        23
72.880        23
72.900        23
72.920        22
72.940        22
72.960        23
72.980        24
73.000        23
73.020        22
73.040        22
73.060        24
73.080        24
73.100        25
73.120        24
73.140        22
73.160        23
73.180        24
73.200        24
73.220        25
73.240        25
73.260        25
73.280        24
73.300        24
73.320        24
73.340        22
73.360        23
73.380        25
73.400        25
73.420        24
73.440        24
73.460        24
73.480        25
73.500        26
73.520        25
73.540        24
73.560        25
73.580        26
73.600        25
73.620        23
73.640        24
73.660        25
73.680        26
73.700        27
73.720        27
73.740        28
73.760        28
73.780        28
73.800        29
73.820        30
73.840        28
73.860        27
73.880        27
73.900        26
73.920        26
73.940        27
73.960        28
73.980        26
74.000        26
74.020        28
74.040        28
74.060        28
74.080        25
74.100        26
74.120        27
74.140        27
74.160        27
74.180        27
74.200        27
74.220        28
74.240        28
74.260        29
74.280        30
74.300        30
74.320        29
74.340        30
74.360        32
74.380        29
74.400        28
74.420        28
74.440        28
74.460        28
74.480        30
74.500        32
74.520        30
74.540        31
74.560        33
74.580        32
74.600        32
74.620        34
74.640        34
74.660        33
74.680        34
74.700        34
74.720        33
74.740        32
74.760        34
74.780        35
74.800        32
74.820        32
74.840        34
74.860        34
74.880        34
74.900        34
74.920        34
74.940        34
74.960        34
74.980        34
75.000        34
75.020        35
75.040        34
75.060        33
75.080        34
75.100        35
75.120        34
75.140        33
75.160        34
75.180        36
75.200        35
75.220        35
75.240        35
75.260        36
75.280        37
75.300        37
75.320        36
75.340        35
75.360        34
75.380        33
75.400        34
75.420        34
75.440        36
75.460        36
75.480        35
75.500        36
75.520        36
75.540        36
75.560        34
75.580        33
75.600        33
75.620        33
75.640        34
75.660        35
75.680        32
75.700        30
75.720        33
75.740        33
75.760        34
75.780        34
75.800        32
75.820        34
75.840        35
75.860        29
75.880        29
75.900        30
75.920        32
75.940        32
75.960        31
75.980        31
76.000        32
76.020        32
76.040        31
76.060        30
76.080        32
76.100        32
76.120        29
76.140        30
76.160        30
76.180        30
76.200        29
76.220        29
76.240        28
76.260        28
76.280        28
76.300        28
76.320        25
76.340        22
76.360        27
76.380        28
76.400        28
76.420        28
76.440        28
76.460        27
76.480        27
76.500        27
76.520        27
76.540        26
76.560        26
76.580        26
76.600        26
76.620        26
76.640        26
76.660        25
76.680        24
76.700        26
76.720        26
76.740        26
76.760        27
76.780        24
76.800        25
76.820        26
76.840        26
76.860        25
76.880        26
76.900        26
76.920        26
76.940        26
76.960        26
76.980        26
77.000        26
77.020        27
77.040        24
77.060        24
77.080        24
77.100        24
77.120        24
77.140        24
77.160        22
77.180        23
77.200        23
77.220        23
77.240        23
77.260        23
77.280        22
77.300        21
77.320        22
77.340        24
77.360        24
77.380        23
77.400        22
77.420        22
77.440        23
77.460        23
77.480        22
77.500        22
77.520        22
77.540        23
77.560        22
77.580        22
77.600        22
77.620        23
77.640        23
77.660        23
77.680        21
77.700        22
77.720        22
77.740        23
77.760        22
77.780        23
77.800        24
77.820        23
77.840        22
77.860        22
77.880        23
77.900        22
77.920        22
77.940        22
77.960        21
77.980        21
78.000        21
78.020        22
78.040        23
78.060        23
78.080        23
78.100        23
78.120        22
78.140        20
78.160        22
78.180        21
78.200        20
78.220        21
78.240        21
78.260        22
78.280        21
78.300        20
78.320        23
78.340        22
78.360        22
78.380        22
78.400        21
78.420        21
78.440        21
78.460        21
78.480        21
78.500        21
78.520        20
78.540        20
78.560        20
78.580        22
78.600        22
78.620        21
78.640        21
78.660        21
78.680        20
78.700        20
78.720        21
78.740        21
78.760        21
78.780        20
78.800        21
78.820        22
78.840        20
78.860        20
78.880        20
78.900        22
78.920        22
78.940        20
78.960        20
78.980        20
79.000        20
79.020        20
79.040        19
79.060        18
79.080        20
79.100        21
79.120        20
79.140        20
79.160        19
79.180        18
79.200        18
79.220        17
79.240        18
79.260        20
79.280        21
79.300        21
79.320        20
79.340        19
79.360        18
79.380        19
79.400        20
79.420        22
79.440        21
79.460        20
79.480        19
79.500        18
79.520        18
79.540        19
79.560        20
79.580        20
79.600        20
79.620        20
79.640        17
79.660        18
79.680        19
79.700        22
79.720        22
79.740        21
79.760        20
79.780        20
79.800        20
79.820        19
79.840        19
79.860        19
79.880        18
79.900        18
79.920        19
79.940        20
79.960        20
79.980        22
80.000        22